Time_Days	Prod_method	Encaps_rate	PLGA_conc	Hyper_wiener_index	Mean_part_size	diss_add_conc	Q_perc
0.9648152246	3	100.0	4.0	-429981997	30.0	0.0	62.999
3.9941300474	3	100.0	4.0	-429981997	30.0	0.0	70.49
7.0197179162	3	100.0	4.0	-429981997	30.0	0.0	71.942
9.0581288361	3	100.0	4.0	-429981997	30.0	0.0	74.168
11.961891895	3	100.0	4.0	-429981997	30.0	0.0	78.264
16.0363843887	3	100.0	4.0	-429981997	30.0	0.0	78.942
18.0743294394	3	100.0	4.0	-429981997	30.0	0.0	80.413
0.0	4	78.0	12.14	-429981997	78.0	0.0	0.0
1.18	4	78.0	12.14	-429981997	78.0	0.0	57.025
6.895	4	78.0	12.14	-429981997	78.0	0.0	71.488
14.12	4	78.0	12.14	-429981997	78.0	0.0	71.074
28.066	4	78.0	12.14	-429981997	78.0	0.0	75.207
46.13	4	78.0	12.14	-429981997	78.0	0.0	74.793
54.134	4	78.0	12.14	-429981997	78.0	0.0	76.446
63.421	4	78.0	12.14	-429981997	78.0	0.0	75.207
84.315	4	78.0	12.14	-429981997	78.0	0.0	71.488
0.87	2	26.0	18.0	384968407	4.3	0.0	29.308
2.029	2	26.0	18.0	384968407	4.3	0.0	32.422
3.913	2	26.0	18.0	384968407	4.3	0.0	33.045
5.942	2	26.0	18.0	384968407	4.3	0.0	33.668
7.971	2	26.0	18.0	384968407	4.3	0.0	37.093
9.855	2	26.0	18.0	384968407	4.3	0.0	37.093
12.029	2	26.0	18.0	384968407	4.3	0.0	37.405
13.913	2	26.0	18.0	384968407	4.3	0.0	37.716
15.942	2	26.0	18.0	384968407	4.3	0.0	39.896
17.971	2	26.0	18.0	384968407	4.3	0.0	40.83
19.855	2	26.0	18.0	384968407	4.3	0.0	43.945
21.884	2	26.0	18.0	384968407	4.3	0.0	49.55
23.913	2	26.0	18.0	384968407	4.3	0.0	53.91
25.797	2	26.0	18.0	384968407	4.3	0.0	59.516
27.971	2	26.0	18.0	384968407	4.3	0.0	62.318
29.855	2	26.0	18.0	384968407	4.3	0.0	65.121
31.884	2	26.0	18.0	384968407	4.3	0.0	71.038
34.058	2	26.0	18.0	384968407	4.3	0.0	71.661
35.942	2	26.0	18.0	384968407	4.3	0.0	71.349
37.826	2	26.0	18.0	384968407	4.3	0.0	71.661
40.0	2	26.0	18.0	384968407	4.3	0.0	72.284
42.029	2	26.0	18.0	384968407	4.3	0.0	73.529
43.913	2	26.0	18.0	384968407	4.3	0.0	74.152
46.957	2	26.0	18.0	384968407	4.3	0.0	77.578
48.986	2	26.0	18.0	384968407	4.3	0.0	78.512
51.014	2	26.0	18.0	384968407	4.3	0.0	79.135
53.768	2	26.0	18.0	384968407	4.3	0.0	79.446
55.797	2	26.0	18.0	384968407	4.3	0.0	79.446
57.826	2	26.0	18.0	384968407	4.3	0.0	79.446
1.085	1	59.06	20.0	-429981997	45.0	0.0	24.56
7.979	1	59.06	20.0	-429981997	45.0	0.0	28.916
14.956	1	59.06	20.0	-429981997	45.0	0.0	30.337
21.931	1	59.06	20.0	-429981997	45.0	0.0	31.308
29.014	1	59.06	20.0	-429981997	45.0	0.0	37.238
0.0	4	29.0	0.602	-550519458	2.2	0.0	0.0
1.026	4	29.0	0.602	-550519458	2.2	0.0	29.412
1.93	4	29.0	0.602	-550519458	2.2	0.0	36.029
4.029	4	29.0	0.602	-550519458	2.2	0.0	42.279
5.926	4	29.0	0.602	-550519458	2.2	0.0	45.588
7.922	4	29.0	0.602	-550519458	2.2	0.0	48.897
10.021	4	29.0	0.602	-550519458	2.2	0.0	54.044
12.017	4	29.0	0.602	-550519458	2.2	0.0	57.353
14.117	4	29.0	0.602	-550519458	2.2	0.0	64.338
16.015	4	29.0	0.602	-550519458	2.2	0.0	68.382
20.012	4	29.0	0.602	-550519458	2.2	0.0	78.309
26.196	4	29.0	0.602	-550519458	2.2	0.0	83.088
29.989	4	29.0	0.602	-550519458	2.2	0.0	88.603
0.211	1	40.3	10.0	-593140135	200.0	0.0	2.294
0.915	1	40.3	10.0	-593140135	200.0	0.0	5.046
2.113	1	40.3	10.0	-593140135	200.0	0.0	10.55
7.042	1	40.3	10.0	-593140135	200.0	0.0	11.009
14.085	1	40.3	10.0	-593140135	200.0	0.0	12.844
21.127	1	40.3	10.0	-593140135	200.0	0.0	17.431
0.9648152246	3	100.0	4.0	-429981997	31.0	0.0	62.999
3.9324023713	3	100.0	4.0	-429981997	31.0	0.0	70.491
6.9577573054	3	100.0	4.0	-429981997	31.0	0.0	71.566
8.99640116	3	100.0	4.0	-429981997	31.0	0.0	74.169
12.0233866365	3	100.0	4.0	-429981997	31.0	0.0	77.885
16.0366173233	3	100.0	4.0	-429981997	31.0	0.0	79.319
18.0745623741	3	100.0	4.0	-429981997	31.0	0.0	80.79
0.0	2	86.76	6.0	-429981997	24.5	0.0	0.0
0.017	2	86.76	6.0	-429981997	24.5	0.0	45.185
0.252	2	86.76	6.0	-429981997	24.5	0.0	68.889
1.0	2	86.76	6.0	-429981997	24.5	0.0	78.519
2.008	2	86.76	6.0	-429981997	24.5	0.0	95.556
3.0	2	86.76	6.0	-429981997	24.5	0.0	96.667
5.024	2	86.76	6.0	-429981997	24.5	0.0	97.385
6.012	2	86.76	6.0	-429981997	24.5	0.0	98.769
7.03	2	86.76	6.0	-429981997	24.5	0.0	99.231
8.017	2	86.76	6.0	-429981997	24.5	0.0	99.692
9.993	2	86.76	6.0	-429981997	24.5	0.0	99.692
11.01	2	86.76	6.0	-429981997	24.5	0.0	99.692
12.027	2	86.76	6.0	-429981997	24.5	0.0	99.692
13.015	2	86.76	6.0	-429981997	24.5	0.0	99.692
14.032	2	86.76	6.0	-429981997	24.5	0.0	99.692
18.958	2	86.76	6.0	-429981997	24.5	0.0	100.0
23.958	2	86.76	6.0	-429981997	24.5	0.0	100.0
26.979	2	86.76	6.0	-429981997	24.5	0.0	100.0
1.052	1	93.5	20.0	-70193260	16.0	0.0	9.232
7.942	1	93.5	20.0	-70193260	16.0	0.0	11.384
15.007	1	93.5	20.0	-70193260	16.0	0.0	11.504
21.987	1	93.5	20.0	-70193260	16.0	0.0	13.203
29.066	1	93.5	20.0	-70193260	16.0	0.0	16.48
0.0	1	59.0	20.0	61404185	26.2	0.02	0.0
0.974	1	59.0	20.0	61404185	26.2	0.02	63.404
3.974	1	59.0	20.0	61404185	26.2	0.02	78.723
6.949	1	59.0	20.0	61404185	26.2	0.02	75.745
0.0	4	78.0	12.14	-429981997	120.49	0.0	0.0
0.883	4	78.0	12.14	-429981997	120.49	0.0	41.564
7.382	4	78.0	12.14	-429981997	120.49	0.0	60.082
14.092	4	78.0	12.14	-429981997	120.49	0.0	60.082
28.018	4	78.0	12.14	-429981997	120.49	0.0	56.379
46.096	4	78.0	12.14	-429981997	120.49	0.0	61.728
54.102	4	78.0	12.14	-429981997	120.49	0.0	64.198
63.414	4	78.0	12.14	-429981997	120.49	0.0	72.428
84.06	4	78.0	12.14	-429981997	120.49	0.0	72.84
0.051	1	59.0	20.0	61404185	26.2	0.07	28.511
0.256	1	59.0	20.0	61404185	26.2	0.07	45.106
1.0	1	59.0	20.0	61404185	26.2	0.07	78.298
3.974	1	59.0	20.0	61404185	26.2	0.07	89.787
6.974	1	59.0	20.0	61404185	26.2	0.07	85.957
0.98	1	74.94	20.0	-429981997	18.0	0.0	13.57
7.982	1	74.94	20.0	-429981997	18.0	0.0	20.03
15.077	1	74.94	20.0	-429981997	18.0	0.0	26.716
21.971	1	74.94	20.0	-429981997	18.0	0.0	29.782
28.985	1	74.94	20.0	-429981997	18.0	0.0	38.732
0.0	1	38.82	13.33	-429981997	53.62	0.0	0.0
1.129	1	38.82	13.33	-429981997	53.62	0.0	25.095
1.935	1	38.82	13.33	-429981997	53.62	0.0	29.275
8.065	1	38.82	13.33	-429981997	53.62	0.0	34.271
15.0	1	38.82	13.33	-429981997	53.62	0.0	38.426
23.065	1	38.82	13.33	-429981997	53.62	0.0	41.183
30.0	1	38.82	13.33	-429981997	53.62	0.0	43.108
36.774	1	38.82	13.33	-429981997	53.62	0.0	45.033
45.806	1	38.82	13.33	-429981997	53.62	0.0	48.901
49.032	1	38.82	13.33	-429981997	53.62	0.0	51.956
57.903	1	38.82	13.33	-429981997	53.62	0.0	58.614
65.0	1	38.82	13.33	-429981997	53.62	0.0	59.98
0.0	1	46.91	13.33	-429981997	58.22	0.0	0.0
0.835	1	46.91	13.33	-429981997	58.22	0.0	6.844
2.005	1	46.91	13.33	-429981997	58.22	0.0	10.782
9.021	1	46.91	13.33	-429981997	58.22	0.0	12.629
16.038	1	46.91	13.33	-429981997	58.22	0.0	13.23
23.89	1	46.91	13.33	-429981997	58.22	0.0	15.074
29.905	1	46.91	13.33	-429981997	58.22	0.0	16.716
36.754	1	46.91	13.33	-429981997	58.22	0.0	17.941
44.773	1	46.91	13.33	-429981997	58.22	0.0	20.199
50.788	1	46.91	13.33	-429981997	58.22	0.0	23.916
57.804	1	46.91	13.33	-429981997	58.22	0.0	27.422
0.962718813	3	100.0	4.0	-429981997	30.0	0.0	59.603
3.9880737471	3	100.0	4.0	-429981997	30.0	0.0	60.678
7.0152921583	3	100.0	4.0	-429981997	30.0	0.0	64.772
9.053237209	3	100.0	4.0	-429981997	30.0	0.0	66.243
12.0184950094	3	100.0	4.0	-429981997	30.0	0.0	69.961
16.0312598269	3	100.0	4.0	-429981997	30.0	0.0	70.64
18.0694378123	3	100.0	4.0	-429981997	30.0	0.0	72.488
0.0	2	90.16	10.0	-429981997	24.5	0.0	0.0
0.025	2	90.16	10.0	-429981997	24.5	0.0	41.481
0.261	2	90.16	10.0	-429981997	24.5	0.0	64.444
1.0	2	90.16	10.0	-429981997	24.5	0.0	77.037
2.008	2	90.16	10.0	-429981997	24.5	0.0	94.444
3.0	2	90.16	10.0	-429981997	24.5	0.0	96.667
5.024	2	90.16	10.0	-429981997	24.5	0.0	97.385
6.012	2	90.16	10.0	-429981997	24.5	0.0	98.769
7.03	2	90.16	10.0	-429981997	24.5	0.0	99.231
8.017	2	90.16	10.0	-429981997	24.5	0.0	99.692
9.993	2	90.16	10.0	-429981997	24.5	0.0	99.692
11.01	2	90.16	10.0	-429981997	24.5	0.0	99.692
12.027	2	90.16	10.0	-429981997	24.5	0.0	99.692
13.015	2	90.16	10.0	-429981997	24.5	0.0	99.692
14.032	2	90.16	10.0	-429981997	24.5	0.0	99.692
18.958	2	90.16	10.0	-429981997	24.5	0.0	100.0
23.958	2	90.16	10.0	-429981997	24.5	0.0	100.0
26.979	2	90.16	10.0	-429981997	24.5	0.0	100.0
0.0	4	23.0	2.236	-429981997	1.3	0.0	0.0
0.979	4	23.0	2.236	-429981997	1.3	0.0	17.407
1.972	4	23.0	2.236	-429981997	1.3	0.0	21.481
3.959	4	23.0	2.236	-429981997	1.3	0.0	27.778
5.946	4	23.0	2.236	-429981997	1.3	0.0	34.074
7.93	4	23.0	2.236	-429981997	1.3	0.0	43.704
9.911	4	23.0	2.236	-429981997	1.3	0.0	55.556
12.001	4	23.0	2.236	-429981997	1.3	0.0	58.889
15.975	4	23.0	2.236	-429981997	1.3	0.0	71.481
19.956	4	23.0	2.236	-429981997	1.3	0.0	77.037
25.929	4	23.0	2.236	-429981997	1.3	0.0	84.815
29.91	4	23.0	2.236	-429981997	1.3	0.0	90.0
1.014	2	54.0	18.0	384968407	7.3	0.0	53.91
1.884	2	54.0	18.0	384968407	7.3	0.0	58.27
4.058	2	54.0	18.0	384968407	7.3	0.0	63.875
6.087	2	54.0	18.0	384968407	7.3	0.0	66.367
7.971	2	54.0	18.0	384968407	7.3	0.0	68.235
10.0	2	54.0	18.0	384968407	7.3	0.0	69.481
12.029	2	54.0	18.0	384968407	7.3	0.0	70.415
14.058	2	54.0	18.0	384968407	7.3	0.0	71.349
15.942	2	54.0	18.0	384968407	7.3	0.0	72.595
17.971	2	54.0	18.0	384968407	7.3	0.0	73.529
20.145	2	54.0	18.0	384968407	7.3	0.0	74.464
21.884	2	54.0	18.0	384968407	7.3	0.0	76.021
23.768	2	54.0	18.0	384968407	7.3	0.0	77.578
25.942	2	54.0	18.0	384968407	7.3	0.0	78.201
27.971	2	54.0	18.0	384968407	7.3	0.0	79.135
29.855	2	54.0	18.0	384968407	7.3	0.0	80.069
31.739	2	54.0	18.0	384968407	7.3	0.0	81.003
34.058	2	54.0	18.0	384968407	7.3	0.0	81.315
35.942	2	54.0	18.0	384968407	7.3	0.0	81.315
37.826	2	54.0	18.0	384968407	7.3	0.0	81.938
39.855	2	54.0	18.0	384968407	7.3	0.0	81.938
41.884	2	54.0	18.0	384968407	7.3	0.0	82.249
43.913	2	54.0	18.0	384968407	7.3	0.0	82.561
46.957	2	54.0	18.0	384968407	7.3	0.0	82.872
48.986	2	54.0	18.0	384968407	7.3	0.0	82.872
50.87	2	54.0	18.0	384968407	7.3	0.0	83.183
53.768	2	54.0	18.0	384968407	7.3	0.0	83.183
55.942	2	54.0	18.0	384968407	7.3	0.0	82.872
57.971	2	54.0	18.0	384968407	7.3	0.0	83.183
0.0	1	30.98	13.33	-429981997	62.0	0.0	0.0
1.002	1	30.98	13.33	-429981997	62.0	0.0	9.126
2.005	1	30.98	13.33	-429981997	62.0	0.0	12.235
8.854	1	30.98	13.33	-429981997	62.0	0.0	13.667
16.038	1	30.98	13.33	-429981997	62.0	0.0	14.89
23.89	1	30.98	13.33	-429981997	62.0	0.0	16.734
29.905	1	30.98	13.33	-429981997	62.0	0.0	18.791
36.754	1	30.98	13.33	-429981997	62.0	0.0	20.638
44.773	1	30.98	13.33	-429981997	62.0	0.0	25.801
50.788	1	30.98	13.33	-429981997	62.0	0.0	30.14
57.804	1	30.98	13.33	-429981997	62.0	0.0	35.098
0.0	4	90.0	12.14	-429981997	128.99	0.0	0.0
1.04	4	90.0	12.14	-429981997	128.99	0.0	2.469
7.002	4	90.0	12.14	-429981997	128.99	0.0	12.757
13.718	4	90.0	12.14	-429981997	128.99	0.0	15.226
27.721	4	90.0	12.14	-429981997	128.99	0.0	41.564
46.079	4	90.0	12.14	-429981997	128.99	0.0	55.144
53.834	4	90.0	12.14	-429981997	128.99	0.0	60.082
63.134	4	90.0	12.14	-429981997	128.99	0.0	64.198
84.256	4	90.0	12.14	-429981997	128.99	0.0	48.971
0.0	1	98.4	40.0	-550519458	100.0	0.03	0.0
1.106	1	98.4	40.0	-550519458	100.0	0.03	10.736
3.963	1	98.4	40.0	-550519458	100.0	0.03	12.872
7.005	1	98.4	40.0	-550519458	100.0	0.03	14.828
9.954	1	98.4	40.0	-550519458	100.0	0.03	16.426
13.917	1	98.4	40.0	-550519458	100.0	0.03	17.84
17.972	1	98.4	40.0	-550519458	100.0	0.03	19.433
21.935	1	98.4	40.0	-550519458	100.0	0.03	21.206
26.912	1	98.4	40.0	-550519458	100.0	0.03	22.974
32.995	1	98.4	40.0	-550519458	100.0	0.03	26.885
0.995	1	55.68	20.0	-70193260	43.0	0.0	16.38
8.086	1	55.68	20.0	-70193260	43.0	0.0	17.569
14.995	1	55.68	20.0	-70193260	43.0	0.0	19.211
21.995	1	55.68	20.0	-70193260	43.0	0.0	20.403
29.005	1	55.68	20.0	-70193260	43.0	0.0	24.065
0.925	1	60.39	20.0	-70193260	48.0	0.0	1.325
8.014	1	60.39	20.0	-70193260	48.0	0.0	1.84
15.01	1	60.39	20.0	-70193260	48.0	0.0	2.357
22.007	1	60.39	20.0	-70193260	48.0	0.0	3.099
29.007	1	60.39	20.0	-70193260	48.0	0.0	4.515
0.0	4	82.0	12.14	-429981997	99.01	0.0	0.0
1.186	4	82.0	12.14	-429981997	99.01	0.0	59.434
7.202	4	82.0	12.14	-429981997	99.01	0.0	90.612
14.169	4	82.0	12.14	-429981997	99.01	0.0	90.648
28.123	4	82.0	12.14	-429981997	99.01	0.0	97.686
46.165	4	82.0	12.14	-429981997	99.01	0.0	88.762
54.168	4	82.0	12.14	-429981997	99.01	0.0	90.033
63.455	4	82.0	12.14	-429981997	99.01	0.0	88.851
84.341	4	82.0	12.14	-429981997	99.01	0.0	81.991
0.87	2	11.0	18.0	384968407	2.7	0.0	23.391
2.029	2	11.0	18.0	384968407	2.7	0.0	28.997
3.913	2	11.0	18.0	384968407	2.7	0.0	33.979
5.797	2	11.0	18.0	384968407	2.7	0.0	34.291
7.971	2	11.0	18.0	384968407	2.7	0.0	35.225
10.0	2	11.0	18.0	384968407	2.7	0.0	35.848
11.884	2	11.0	18.0	384968407	2.7	0.0	36.782
13.913	2	11.0	18.0	384968407	2.7	0.0	38.028
15.942	2	11.0	18.0	384968407	2.7	0.0	43.945
17.971	2	11.0	18.0	384968407	2.7	0.0	47.37
19.855	2	11.0	18.0	384968407	2.7	0.0	47.993
21.884	2	11.0	18.0	384968407	2.7	0.0	50.173
23.913	2	11.0	18.0	384968407	2.7	0.0	54.844
25.797	2	11.0	18.0	384968407	2.7	0.0	63.875
27.826	2	11.0	18.0	384968407	2.7	0.0	66.99
29.855	2	11.0	18.0	384968407	2.7	0.0	70.104
31.884	2	11.0	18.0	384968407	2.7	0.0	73.529
33.768	2	11.0	18.0	384968407	2.7	0.0	74.152
35.942	2	11.0	18.0	384968407	2.7	0.0	74.464
37.971	2	11.0	18.0	384968407	2.7	0.0	75.398
39.855	2	11.0	18.0	384968407	2.7	0.0	76.021
41.884	2	11.0	18.0	384968407	2.7	0.0	76.955
43.913	2	11.0	18.0	384968407	2.7	0.0	78.201
46.957	2	11.0	18.0	384968407	2.7	0.0	78.201
48.841	2	11.0	18.0	384968407	2.7	0.0	78.512
50.87	2	11.0	18.0	384968407	2.7	0.0	78.824
53.913	2	11.0	18.0	384968407	2.7	0.0	79.135
55.942	2	11.0	18.0	384968407	2.7	0.0	79.135
57.826	2	11.0	18.0	384968407	2.7	0.0	79.135
0.0	1	29.7	10.0	1012936979	0.45	0.0	0.0
0.347	1	29.7	10.0	1012936979	0.45	0.0	15.052
1.215	1	29.7	10.0	1012936979	0.45	0.0	27.448
3.818	1	29.7	10.0	1012936979	0.45	0.0	30.104
6.941	1	29.7	10.0	1012936979	0.45	0.0	33.645
11.974	1	29.7	10.0	1012936979	0.45	0.0	32.76
16.833	1	29.7	10.0	1012936979	0.45	0.0	44.27
22.907	1	29.7	10.0	1012936979	0.45	0.0	57.551
28.113	1	29.7	10.0	1012936979	0.45	0.0	64.634
31.757	1	29.7	10.0	1012936979	0.45	0.0	71.718
36.79	1	29.7	10.0	1012936979	0.45	0.0	77.03
43.037	1	29.7	10.0	1012936979	0.45	0.0	83.228
47.028	1	29.7	10.0	1012936979	0.45	0.0	85.884
51.02	1	29.7	10.0	1012936979	0.45	0.0	88.54
56.052	1	29.7	10.0	1012936979	0.45	0.0	91.197
59.87	1	29.7	10.0	1012936979	0.45	0.0	96.509
64.902	1	29.7	10.0	1012936979	0.45	0.0	100.051
69.935	1	29.7	10.0	1012936979	0.45	0.0	93.853
1.05	1	68.24	20.0	-429981997	20.0	0.0	8.814
7.962	1	68.24	20.0	-429981997	20.0	0.0	15.729
15.062	1	68.24	20.0	-429981997	20.0	0.0	23.546
21.958	1	68.24	20.0	-429981997	20.0	0.0	26.838
28.985	1	68.24	20.0	-429981997	20.0	0.0	38.732
0.0	1	92.2	0.833	140759740	0.429	0.0	0.0
1.167	1	92.2	0.833	140759740	0.429	0.0	30.82
2.361	1	92.2	0.833	140759740	0.429	0.0	31.803
3.556	1	92.2	0.833	140759740	0.429	0.0	33.115
4.722	1	92.2	0.833	140759740	0.429	0.0	38.689
5.889	1	92.2	0.833	140759740	0.429	0.0	39.672
7.056	1	92.2	0.833	140759740	0.429	0.0	42.295
8.25	1	92.2	0.833	140759740	0.429	0.0	43.607
9.417	1	92.2	0.833	140759740	0.429	0.0	43.934
0.0	3	100.0	2.0	63697313	5.0	0.0	0.0
1.082	3	100.0	2.0	63697313	5.0	0.0	5.342
1.98	3	100.0	2.0	63697313	5.0	0.0	6.986
3.963	3	100.0	2.0	63697313	5.0	0.0	16.027
5.95	3	100.0	2.0	63697313	5.0	0.0	28.356
7.747	3	100.0	2.0	63697313	5.0	0.0	32.877
9.907	3	100.0	2.0	63697313	5.0	0.0	40.274
13.875	3	100.0	2.0	63697313	5.0	0.0	60.411
18.181	3	100.0	2.0	63697313	5.0	0.0	66.164
22.125	3	100.0	2.0	63697313	5.0	0.0	70.274
26.255	3	100.0	2.0	63697313	5.0	0.0	78.082
30.198	3	100.0	2.0	63697313	5.0	0.0	81.37
34.143	3	100.0	2.0	63697313	5.0	0.0	85.479
38.265	3	100.0	2.0	63697313	5.0	0.0	88.767
42.216	3	100.0	2.0	63697313	5.0	0.0	96.575
46.161	3	100.0	2.0	63697313	5.0	0.0	100.0
50.279	3	100.0	2.0	63697313	5.0	0.0	100.0
58.157	3	100.0	2.0	63697313	5.0	0.0	100.0
0.0	4	71.0	12.14	-429981997	70.78	0.0	0.0
1.233	4	71.0	12.14	-429981997	70.78	0.0	77.273
7.196	4	71.0	12.14	-429981997	70.78	0.0	88.017
14.185	4	71.0	12.14	-429981997	70.78	0.0	96.281
28.119	4	71.0	12.14	-429981997	70.78	0.0	95.868
46.164	4	71.0	12.14	-429981997	70.78	0.0	88.017
54.157	4	71.0	12.14	-429981997	70.78	0.0	85.537
63.198	4	71.0	12.14	-429981997	70.78	0.0	88.843
84.324	4	71.0	12.14	-429981997	70.78	0.0	75.207
0.0	4	74.0	12.14	-429981997	102.29	0.0	0.0
1.1	4	74.0	12.14	-429981997	102.29	0.0	26.236
7.113	4	74.0	12.14	-429981997	102.29	0.0	56.185
14.35	4	74.0	12.14	-429981997	102.29	0.0	60.731
28.053	4	74.0	12.14	-429981997	102.29	0.0	70.637
46.107	4	74.0	12.14	-429981997	102.29	0.0	66.631
54.37	4	74.0	12.14	-429981997	102.29	0.0	68.313
63.425	4	74.0	12.14	-429981997	102.29	0.0	77.375
84.321	4	74.0	12.14	-429981997	102.29	0.0	74.204
0.0	2	94.86	20.0	-429981997	24.5	0.0	0.0
0.025	2	94.86	20.0	-429981997	24.5	0.0	46.667
0.252	2	94.86	20.0	-429981997	24.5	0.0	69.63
1.008	2	94.86	20.0	-429981997	24.5	0.0	84.074
2.0	2	94.86	20.0	-429981997	24.5	0.0	89.259
3.008	2	94.86	20.0	-429981997	24.5	0.0	92.222
5.023	2	94.86	20.0	-429981997	24.5	0.0	93.231
6.011	2	94.86	20.0	-429981997	24.5	0.0	94.154
7.029	2	94.86	20.0	-429981997	24.5	0.0	95.077
8.016	2	94.86	20.0	-429981997	24.5	0.0	95.538
10.021	2	94.86	20.0	-429981997	24.5	0.0	95.538
11.039	2	94.86	20.0	-429981997	24.5	0.0	96.462
12.027	2	94.86	20.0	-429981997	24.5	0.0	98.769
13.015	2	94.86	20.0	-429981997	24.5	0.0	99.692
14.032	2	94.86	20.0	-429981997	24.5	0.0	99.692
18.958	2	94.86	20.0	-429981997	24.5	0.0	100.0
23.958	2	94.86	20.0	-429981997	24.5	0.0	100.0
26.979	2	94.86	20.0	-429981997	24.5	0.0	100.0
1.007	1	85.3	18.0	899761443	70.0	0.05	13.187
3.022	1	85.3	18.0	899761443	70.0	0.05	17.582
4.91	1	85.3	18.0	899761443	70.0	0.05	29.121
7.932	1	85.3	18.0	899761443	70.0	0.05	32.418
10.953	1	85.3	18.0	899761443	70.0	0.05	46.154
13.975	1	85.3	18.0	899761443	70.0	0.05	59.89
16.996	1	85.3	18.0	899761443	70.0	0.05	70.879
21.025	1	85.3	18.0	899761443	70.0	0.05	81.868
24.928	1	85.3	18.0	899761443	70.0	0.05	90.659
29.083	1	85.3	18.0	899761443	70.0	0.05	96.154
32.986	1	85.3	18.0	899761443	70.0	0.05	100.549
0.0	1	51.5	10.0	-239907213	0.74	0.0	0.0
4.89	1	51.5	10.0	-239907213	0.74	0.0	2.972
9.779	1	51.5	10.0	-239907213	0.74	0.0	4.437
14.809	1	51.5	10.0	-239907213	0.74	0.0	11.424
19.988	1	51.5	10.0	-239907213	0.74	0.0	29.456
25.023	1	51.5	10.0	-239907213	0.74	0.0	39.958
30.062	1	51.5	10.0	-239907213	0.74	0.0	54.979
34.836	1	51.5	10.0	-239907213	0.74	0.0	75.022
40.006	1	51.5	10.0	-239907213	0.74	0.0	85.021
45.039	1	51.5	10.0	-239907213	0.74	0.0	94.519
1.056	1	79.15	20.0	-70193260	20.0	0.0	10.135
8.132	1	79.15	20.0	-70193260	20.0	0.0	12.735
15.018	1	79.15	20.0	-70193260	20.0	0.0	13.985
21.994	1	79.15	20.0	-70193260	20.0	0.0	14.782
28.981	1	79.15	20.0	-70193260	20.0	0.0	17.835
1.017	1	91.09	20.0	-429981997	46.0	0.0	2.456
8.089	1	91.09	20.0	-429981997	46.0	0.0	5.003
14.974	1	91.09	20.0	-429981997	46.0	0.0	6.427
21.951	1	91.09	20.0	-429981997	46.0	0.0	7.849
28.934	1	91.09	20.0	-429981997	46.0	0.0	11.3
0.0	4	18.0	2.236	-429981997	3.8	0.0	0.0
0.977	4	18.0	2.236	-429981997	3.8	0.0	19.259
1.97	4	18.0	2.236	-429981997	3.8	0.0	23.704
3.856	4	18.0	2.236	-429981997	3.8	0.0	30.741
5.942	4	18.0	2.236	-429981997	3.8	0.0	38.148
7.928	4	18.0	2.236	-429981997	3.8	0.0	45.926
10.009	4	18.0	2.236	-429981997	3.8	0.0	57.778
11.999	4	18.0	2.236	-429981997	3.8	0.0	61.111
13.888	4	18.0	2.236	-429981997	3.8	0.0	65.926
15.876	4	18.0	2.236	-429981997	3.8	0.0	71.111
19.955	4	18.0	2.236	-429981997	3.8	0.0	78.148
25.927	4	18.0	2.236	-429981997	3.8	0.0	86.667
30.008	4	18.0	2.236	-429981997	3.8	0.0	92.222
0.0	2	85.3	18.0	899761443	63.0	0.05	0.0
0.862	2	85.3	18.0	899761443	63.0	0.05	17.231
3.017	2	85.3	18.0	899761443	63.0	0.05	32.0
4.848	2	85.3	18.0	899761443	63.0	0.05	43.077
7.003	2	85.3	18.0	899761443	63.0	0.05	45.538
8.943	2	85.3	18.0	899761443	63.0	0.05	53.538
10.882	2	85.3	18.0	899761443	63.0	0.05	56.615
13.037	2	85.3	18.0	899761443	63.0	0.05	59.692
15.192	2	85.3	18.0	899761443	63.0	0.05	65.846
16.916	2	85.3	18.0	899761443	63.0	0.05	69.538
18.963	2	85.3	18.0	899761443	63.0	0.05	73.846
21.01	2	85.3	18.0	899761443	63.0	0.05	79.385
22.949	2	85.3	18.0	899761443	63.0	0.05	81.846
24.997	2	85.3	18.0	899761443	63.0	0.05	83.692
26.936	2	85.3	18.0	899761443	63.0	0.05	84.923
29.091	2	85.3	18.0	899761443	63.0	0.05	86.769
31.03	2	85.3	18.0	899761443	63.0	0.05	88.0
0.0	3	88.0	0.833	140759740	0.336	0.0	0.0
1.194	3	88.0	0.833	140759740	0.336	0.0	21.639
2.389	3	88.0	0.833	140759740	0.336	0.0	25.902
3.528	3	88.0	0.833	140759740	0.336	0.0	29.18
4.722	3	88.0	0.833	140759740	0.336	0.0	35.082
5.917	3	88.0	0.833	140759740	0.336	0.0	41.639
7.083	3	88.0	0.833	140759740	0.336	0.0	49.18
8.25	3	88.0	0.833	140759740	0.336	0.0	50.164
9.444	3	88.0	0.833	140759740	0.336	0.0	51.475
0.0	4	47.0	0.602	-429981997	23.8	0.0	0.0
0.94	4	47.0	0.602	-429981997	23.8	0.0	56.667
1.936	4	47.0	0.602	-429981997	23.8	0.0	57.407
3.929	4	47.0	0.602	-429981997	23.8	0.0	57.407
6.022	4	47.0	0.602	-429981997	23.8	0.0	57.778
8.013	4	47.0	0.602	-429981997	23.8	0.0	60.37
10.004	4	47.0	0.602	-429981997	23.8	0.0	62.963
11.994	4	47.0	0.602	-429981997	23.8	0.0	65.556
13.886	4	47.0	0.602	-429981997	23.8	0.0	67.778
15.979	4	47.0	0.602	-429981997	23.8	0.0	68.148
20.063	4	47.0	0.602	-429981997	23.8	0.0	69.63
26.039	4	47.0	0.602	-429981997	23.8	0.0	74.074
29.923	4	47.0	0.602	-429981997	23.8	0.0	77.037
0.0	1	94.6	0.833	140759740	0.395	0.0	0.0
1.194	1	94.6	0.833	140759740	0.395	0.0	25.246
2.361	1	94.6	0.833	140759740	0.395	0.0	27.541
3.556	1	94.6	0.833	140759740	0.395	0.0	27.869
4.722	1	94.6	0.833	140759740	0.395	0.0	32.131
5.917	1	94.6	0.833	140759740	0.395	0.0	36.393
7.083	1	94.6	0.833	140759740	0.395	0.0	38.689
8.278	1	94.6	0.833	140759740	0.395	0.0	39.672
9.444	1	94.6	0.833	140759740	0.395	0.0	40.656
1.014	2	91.0	18.0	384968407	4.6	0.0	36.159
1.884	2	91.0	18.0	384968407	4.6	0.0	49.55
3.913	2	91.0	18.0	384968407	4.6	0.0	53.599
5.797	2	91.0	18.0	384968407	4.6	0.0	55.467
7.971	2	91.0	18.0	384968407	4.6	0.0	56.401
10.0	2	91.0	18.0	384968407	4.6	0.0	57.024
11.884	2	91.0	18.0	384968407	4.6	0.0	60.45
14.058	2	91.0	18.0	384968407	4.6	0.0	65.121
15.942	2	91.0	18.0	384968407	4.6	0.0	69.17
17.826	2	91.0	18.0	384968407	4.6	0.0	72.284
20.0	2	91.0	18.0	384968407	4.6	0.0	76.644
21.884	2	91.0	18.0	384968407	4.6	0.0	79.758
23.913	2	91.0	18.0	384968407	4.6	0.0	81.938
25.797	2	91.0	18.0	384968407	4.6	0.0	83.806
28.116	2	91.0	18.0	384968407	4.6	0.0	85.052
30.0	2	91.0	18.0	384968407	4.6	0.0	86.92
31.884	2	91.0	18.0	384968407	4.6	0.0	90.035
33.913	2	91.0	18.0	384968407	4.6	0.0	90.346
35.942	2	91.0	18.0	384968407	4.6	0.0	91.28
37.971	2	91.0	18.0	384968407	4.6	0.0	91.28
40.0	2	91.0	18.0	384968407	4.6	0.0	92.215
42.029	2	91.0	18.0	384968407	4.6	0.0	92.526
44.058	2	91.0	18.0	384968407	4.6	0.0	92.526
46.812	2	91.0	18.0	384968407	4.6	0.0	93.149
48.841	2	91.0	18.0	384968407	4.6	0.0	93.772
50.87	2	91.0	18.0	384968407	4.6	0.0	94.394
54.058	2	91.0	18.0	384968407	4.6	0.0	94.706
55.797	2	91.0	18.0	384968407	4.6	0.0	94.706
57.971	2	91.0	18.0	384968407	4.6	0.0	94.706
0.0	1	80.0	10.0	1012936979	3.44	0.0	0.0
0.983	1	80.0	10.0	1012936979	3.44	0.0	18.187
4.914	1	80.0	10.0	1012936979	3.44	0.0	16.0
9.042	1	80.0	10.0	1012936979	3.44	0.0	23.341
13.956	1	80.0	10.0	1012936979	3.44	0.0	27.213
18.87	1	80.0	10.0	1012936979	3.44	0.0	26.753
25.946	1	80.0	10.0	1012936979	3.44	0.0	47.507
32.826	1	80.0	10.0	1012936979	3.44	0.0	60.898
40.098	1	80.0	10.0	1012936979	3.44	0.0	63.458
45.012	1	80.0	10.0	1012936979	3.44	0.0	63.864
49.926	1	80.0	10.0	1012936979	3.44	0.0	63.838
59.951	1	80.0	10.0	1012936979	3.44	0.0	62.917
70.172	1	80.0	10.0	1012936979	3.44	0.0	63.295
0.982	1	88.35	20.0	-70193260	20.0	0.0	13.97
8.054	1	88.35	20.0	-70193260	20.0	0.0	15.668
15.029	1	88.35	20.0	-70193260	20.0	0.0	16.24
22.007	1	88.35	20.0	-70193260	20.0	0.0	17.489
28.988	1	88.35	20.0	-70193260	20.0	0.0	19.414
0.0	4	69.0	12.14	-429981997	65.08	0.0	0.0
1.148	4	69.0	12.14	-429981997	65.08	0.0	44.628
7.134	4	69.0	12.14	-429981997	65.08	0.0	64.05
14.109	4	69.0	12.14	-429981997	65.08	0.0	66.942
28.293	4	69.0	12.14	-429981997	65.08	0.0	63.223
45.849	4	69.0	12.14	-429981997	65.08	0.0	66.116
54.11	4	69.0	12.14	-429981997	65.08	0.0	67.355
63.179	4	69.0	12.14	-429981997	65.08	0.0	81.405
84.641	4	69.0	12.14	-429981997	65.08	0.0	97.934
0.0	2	76.7	32.0	-550519458	20.0	0.03	0.0
0.092	2	76.7	32.0	-550519458	20.0	0.03	12.531
1.014	2	76.7	32.0	-550519458	20.0	0.03	27.923
3.963	2	76.7	32.0	-550519458	20.0	0.03	34.713
6.912	2	76.7	32.0	-550519458	20.0	0.03	40.966
9.862	2	76.7	32.0	-550519458	20.0	0.03	45.608
14.009	2	76.7	32.0	-550519458	20.0	0.03	49.528
17.88	2	76.7	32.0	-550519458	20.0	0.03	53.27
21.843	2	76.7	32.0	-550519458	20.0	0.03	56.475
25.806	2	76.7	32.0	-550519458	20.0	0.03	59.142
29.954	2	76.7	32.0	-550519458	20.0	0.03	61.451
34.931	2	76.7	32.0	-550519458	20.0	0.03	64.293
39.908	2	76.7	32.0	-550519458	20.0	0.03	66.419
0.336	1	75.05	5.0	1946040	1.22	0.0	35.119
1.076	1	75.05	5.0	1946040	1.22	0.0	37.139
3.778	1	75.05	5.0	1946040	1.22	0.0	39.406
11.38	1	75.05	5.0	1946040	1.22	0.0	40.903
21.435	1	75.05	5.0	1946040	1.22	0.0	43.151
28.305	1	75.05	5.0	1946040	1.22	0.0	46.166
35.178	1	75.05	5.0	1946040	1.22	0.0	49.938
42.056	1	75.05	5.0	1946040	1.22	0.0	55.732
49.186	1	75.05	5.0	1946040	1.22	0.0	64.557
55.825	1	75.05	5.0	1946040	1.22	0.0	72.626
70.307	1	75.05	5.0	1946040	1.22	0.0	80.927
77.42	1	75.05	5.0	1946040	1.22	0.0	83.183
0.0	1	45.14	13.33	-429981997	55.93	0.0	0.0
1.129	1	45.14	13.33	-429981997	55.93	0.0	4.755
2.097	1	45.14	13.33	-429981997	55.93	0.0	6.152
8.226	1	45.14	13.33	-429981997	55.93	0.0	7.247
14.839	1	45.14	13.33	-429981997	55.93	0.0	8.621
22.903	1	45.14	13.33	-429981997	55.93	0.0	11.388
30.0	1	45.14	13.33	-429981997	55.93	0.0	14.16
36.935	1	45.14	13.33	-429981997	55.93	0.0	16.652
45.806	1	45.14	13.33	-429981997	55.93	0.0	23.897
48.871	1	45.14	13.33	-429981997	55.93	0.0	28.085
57.903	1	45.14	13.33	-429981997	55.93	0.0	34.208
65.0	1	45.14	13.33	-429981997	55.93	0.0	36.7
0.945	1	91.53	20.0	-429981997	18.0	0.0	6.099
7.94	1	91.53	20.0	-429981997	18.0	0.0	10.974
14.934	1	91.53	20.0	-429981997	18.0	0.0	15.624
22.009	1	91.53	20.0	-429981997	18.0	0.0	18.007
29.02	1	91.53	20.0	-429981997	18.0	0.0	26.279
0.0	4	87.0	12.14	-429981997	109.68	0.0	0.0
1.258	4	87.0	12.14	-429981997	109.68	0.0	87.243
7.195	4	87.0	12.14	-429981997	109.68	0.0	87.654
13.927	4	87.0	12.14	-429981997	109.68	0.0	96.296
28.112	4	87.0	12.14	-429981997	109.68	0.0	93.004
45.895	4	87.0	12.14	-429981997	109.68	0.0	83.951
54.162	4	87.0	12.14	-429981997	109.68	0.0	87.243
63.198	4	87.0	12.14	-429981997	109.68	0.0	88.889
84.081	4	87.0	12.14	-429981997	109.68	0.0	81.07
0.0	4	76.0	12.14	-429981997	90.86	0.0	0.0
0.812	4	76.0	12.14	-429981997	90.86	0.0	14.76
7.064	4	76.0	12.14	-429981997	90.86	0.0	37.333
14.3	4	76.0	12.14	-429981997	90.86	0.0	41.058
28.001	4	76.0	12.14	-429981997	90.86	0.0	50.555
46.315	4	76.0	12.14	-429981997	90.86	0.0	46.96
54.079	4	76.0	12.14	-429981997	90.86	0.0	55.606
63.201	4	76.0	12.14	-429981997	90.86	0.0	90.489
84.355	4	76.0	12.14	-429981997	90.86	0.0	87.729
0.282	1	15.2	10.0	-593140135	196.0	0.0	16.055
0.352	1	15.2	10.0	-593140135	196.0	0.0	34.862
1.127	1	15.2	10.0	-593140135	196.0	0.0	38.532
2.042	1	15.2	10.0	-593140135	196.0	0.0	56.881
7.042	1	15.2	10.0	-593140135	196.0	0.0	66.055
14.155	1	15.2	10.0	-593140135	196.0	0.0	82.569
0.0	4	76.0	12.14	-429981997	108.24	0.0	0.0
1.053	4	76.0	12.14	-429981997	108.24	0.0	8.203
6.791	4	76.0	12.14	-429981997	108.24	0.0	31.593
14.028	4	76.0	12.14	-429981997	108.24	0.0	35.729
28.227	4	76.0	12.14	-429981997	108.24	0.0	37.851
46.026	4	76.0	12.14	-429981997	108.24	0.0	35.073
54.297	4	76.0	12.14	-429981997	108.24	0.0	40.034
63.175	4	76.0	12.14	-429981997	108.24	0.0	80.243
84.332	4	76.0	12.14	-429981997	108.24	0.0	78.712
0.0	1	41.62	13.33	-429981997	52.73	0.0	0.0
1.129	1	41.62	13.33	-429981997	52.73	0.0	10.075
2.097	1	41.62	13.33	-429981997	52.73	0.0	11.472
8.065	1	41.62	13.33	-429981997	52.73	0.0	13.128
15.0	1	41.62	13.33	-429981997	52.73	0.0	16.18
23.065	1	41.62	13.33	-429981997	52.73	0.0	18.108
30.0	1	41.62	13.33	-429981997	52.73	0.0	19.76
36.774	1	41.62	13.33	-429981997	52.73	0.0	20.853
45.806	1	41.62	13.33	-429981997	52.73	0.0	23.617
48.871	1	41.62	13.33	-429981997	52.73	0.0	26.405
58.065	1	41.62	13.33	-429981997	52.73	0.0	35.888
65.0	1	41.62	13.33	-429981997	52.73	0.0	38.66
0.0	4	77.0	12.14	-429981997	68.0	0.0	0.0
1.136	4	77.0	12.14	-429981997	68.0	0.0	39.669
7.123	4	77.0	12.14	-429981997	68.0	0.0	59.917
14.085	4	77.0	12.14	-429981997	68.0	0.0	57.438
28.279	4	77.0	12.14	-429981997	68.0	0.0	57.851
46.073	4	77.0	12.14	-429981997	68.0	0.0	52.893
54.072	4	77.0	12.14	-429981997	68.0	0.0	52.479
63.424	4	77.0	12.14	-429981997	68.0	0.0	76.446
84.344	4	77.0	12.14	-429981997	68.0	0.0	83.058
0.0	4	81.0	12.14	-429981997	89.01	0.0	0.0
0.811	4	81.0	12.14	-429981997	89.01	0.0	14.35
7.074	4	81.0	12.14	-429981997	89.01	0.0	41.021
14.044	4	81.0	12.14	-429981997	89.01	0.0	41.877
28.254	4	81.0	12.14	-429981997	89.01	0.0	48.507
46.318	4	81.0	12.14	-429981997	89.01	0.0	48.189
54.334	4	81.0	12.14	-429981997	89.01	0.0	54.378
63.195	4	81.0	12.14	-429981997	89.01	0.0	88.03
84.348	4	81.0	12.14	-429981997	89.01	0.0	84.86
0.0	1	62.6	2.0	61404185	0.4	0.0	0.0
3.539	1	62.6	2.0	61404185	0.4	0.0	85.086
15.266	1	62.6	2.0	61404185	0.4	0.0	91.323
45.416	1	62.6	2.0	61404185	0.4	0.0	93.969
105.412	1	62.6	2.0	61404185	0.4	0.0	95.342
0.0	3	99.4	2.0	63697313	5.0	0.0	0.0
0.906	3	99.4	2.0	63697313	5.0	0.0	6.986
1.803	3	99.4	2.0	63697313	5.0	0.0	8.219
3.96	3	99.4	2.0	63697313	5.0	0.0	14.384
7.92	3	99.4	2.0	63697313	5.0	0.0	28.356
10.077	3	99.4	2.0	63697313	5.0	0.0	34.521
14.02	3	99.4	2.0	63697313	5.0	0.0	37.397
17.975	3	99.4	2.0	63697313	5.0	0.0	48.082
22.458	3	99.4	2.0	63697313	5.0	0.0	53.014
26.231	3	99.4	2.0	63697313	5.0	0.0	62.466
29.819	3	99.4	2.0	63697313	5.0	0.0	67.397
34.123	3	99.4	2.0	63697313	5.0	0.0	71.918
38.252	3	99.4	2.0	63697313	5.0	0.0	79.726
42.204	3	99.4	2.0	63697313	5.0	0.0	88.767
45.969	3	99.4	2.0	63697313	5.0	0.0	92.466
49.911	3	99.4	2.0	63697313	5.0	0.0	94.521
58.154	3	99.4	2.0	63697313	5.0	0.0	99.863
0.0	3	90.5	2.0	63697313	5.0	0.0	0.0
1.807	3	90.5	2.0	63697313	5.0	0.0	11.096
3.966	3	90.5	2.0	63697313	5.0	0.0	18.082
5.938	3	90.5	2.0	63697313	5.0	0.0	20.137
7.916	3	90.5	2.0	63697313	5.0	0.0	26.301
10.072	3	90.5	2.0	63697313	5.0	0.0	30.822
14.026	3	90.5	2.0	63697313	5.0	0.0	41.507
17.792	3	90.5	2.0	63697313	5.0	0.0	46.027
22.287	3	90.5	2.0	63697313	5.0	0.0	58.767
26.42	3	90.5	2.0	63697313	5.0	0.0	68.63
30.194	3	90.5	2.0	63697313	5.0	0.0	78.493
33.961	3	90.5	2.0	63697313	5.0	0.0	83.425
42.032	3	90.5	2.0	63697313	5.0	0.0	93.288
46.338	3	90.5	2.0	63697313	5.0	0.0	99.452
50.097	3	90.5	2.0	63697313	5.0	0.0	99.452
58.153	3	90.5	2.0	63697313	5.0	0.0	99.452
0.883	1	56.51	20.0	-70193260	45.0	0.0	12.113
7.988	1	56.51	20.0	-70193260	45.0	0.0	16.223
14.987	1	56.51	20.0	-70193260	45.0	0.0	17.414
21.984	1	56.51	20.0	-70193260	45.0	0.0	18.156
28.987	1	56.51	20.0	-70193260	45.0	0.0	20.021
