Time_Days	Prod_method	Encaps_rate	Hyper_wiener_index	Mean_part_size	pI	PVA_conc_inner_phase	PVA_Mw	PLGA_Mw	S_no	PLGA_visc	PLGA_to_Placticizer	pH_0_logd	Carboaromatic_ring_count	pH_14_logd	pH_4_logd	Ring_atom_count.2	Wiener_index	diss_add_conc	pH_9_logd	Dreiding_energy	Minimal_projection_radius.1	Inner_phase_volume	Q_perc
0.0	1	45.14	-429981997	55.93	5.3	0.0	5000	46000	39	0.63	0.0	0.0	49	0.0	0.0	525	0	0.0	0.0	1166699.675	0.0	3.0	0.0
1.129	1	45.14	-429981997	55.93	5.3	0.0	5000	46000	39	0.63	0.0	0.0	49	0.0	0.0	525	0	0.0	0.0	1166699.675	0.0	3.0	4.755
2.097	1	45.14	-429981997	55.93	5.3	0.0	5000	46000	39	0.63	0.0	0.0	49	0.0	0.0	525	0	0.0	0.0	1166699.675	0.0	3.0	6.152
8.226	1	45.14	-429981997	55.93	5.3	0.0	5000	46000	39	0.63	0.0	0.0	49	0.0	0.0	525	0	0.0	0.0	1166699.675	0.0	3.0	7.247000000000001
14.839	1	45.14	-429981997	55.93	5.3	0.0	5000	46000	39	0.63	0.0	0.0	49	0.0	0.0	525	0	0.0	0.0	1166699.675	0.0	3.0	8.621
22.903000000000002	1	45.14	-429981997	55.93	5.3	0.0	5000	46000	39	0.63	0.0	0.0	49	0.0	0.0	525	0	0.0	0.0	1166699.675	0.0	3.0	11.388
30.0	1	45.14	-429981997	55.93	5.3	0.0	5000	46000	39	0.63	0.0	0.0	49	0.0	0.0	525	0	0.0	0.0	1166699.675	0.0	3.0	14.16
36.935	1	45.14	-429981997	55.93	5.3	0.0	5000	46000	39	0.63	0.0	0.0	49	0.0	0.0	525	0	0.0	0.0	1166699.675	0.0	3.0	16.652
45.806000000000004	1	45.14	-429981997	55.93	5.3	0.0	5000	46000	39	0.63	0.0	0.0	49	0.0	0.0	525	0	0.0	0.0	1166699.675	0.0	3.0	23.897
48.871	1	45.14	-429981997	55.93	5.3	0.0	5000	46000	39	0.63	0.0	0.0	49	0.0	0.0	525	0	0.0	0.0	1166699.675	0.0	3.0	28.085
57.903	1	45.14	-429981997	55.93	5.3	0.0	5000	46000	39	0.63	0.0	0.0	49	0.0	0.0	525	0	0.0	0.0	1166699.675	0.0	3.0	34.208
65.0	1	45.14	-429981997	55.93	5.3	0.0	5000	46000	39	0.63	0.0	0.0	49	0.0	0.0	525	0	0.0	0.0	1166699.675	0.0	3.0	36.7
0.0	1	41.62	-429981997	52.73	5.3	0.0	5000	46000	39	0.63	2.0	-2.2	49	-2.26	-2.2	525	50116	0.0	-2.2	1166699.675	10.61	3.0	0.0
1.129	1	41.62	-429981997	52.73	5.3	0.0	5000	46000	39	0.63	2.0	-2.2	49	-2.26	-2.2	525	50116	0.0	-2.2	1166699.675	10.61	3.0	10.075
2.097	1	41.62	-429981997	52.73	5.3	0.0	5000	46000	39	0.63	2.0	-2.2	49	-2.26	-2.2	525	50116	0.0	-2.2	1166699.675	10.61	3.0	11.472000000000001
8.065	1	41.62	-429981997	52.73	5.3	0.0	5000	46000	39	0.63	2.0	-2.2	49	-2.26	-2.2	525	50116	0.0	-2.2	1166699.675	10.61	3.0	13.128
15.0	1	41.62	-429981997	52.73	5.3	0.0	5000	46000	39	0.63	2.0	-2.2	49	-2.26	-2.2	525	50116	0.0	-2.2	1166699.675	10.61	3.0	16.18
23.065	1	41.62	-429981997	52.73	5.3	0.0	5000	46000	39	0.63	2.0	-2.2	49	-2.26	-2.2	525	50116	0.0	-2.2	1166699.675	10.61	3.0	18.108
30.0	1	41.62	-429981997	52.73	5.3	0.0	5000	46000	39	0.63	2.0	-2.2	49	-2.26	-2.2	525	50116	0.0	-2.2	1166699.675	10.61	3.0	19.76
36.774	1	41.62	-429981997	52.73	5.3	0.0	5000	46000	39	0.63	2.0	-2.2	49	-2.26	-2.2	525	50116	0.0	-2.2	1166699.675	10.61	3.0	20.853
45.806000000000004	1	41.62	-429981997	52.73	5.3	0.0	5000	46000	39	0.63	2.0	-2.2	49	-2.26	-2.2	525	50116	0.0	-2.2	1166699.675	10.61	3.0	23.616999999999997
48.871	1	41.62	-429981997	52.73	5.3	0.0	5000	46000	39	0.63	2.0	-2.2	49	-2.26	-2.2	525	50116	0.0	-2.2	1166699.675	10.61	3.0	26.405
58.065	1	41.62	-429981997	52.73	5.3	0.0	5000	46000	39	0.63	2.0	-2.2	49	-2.26	-2.2	525	50116	0.0	-2.2	1166699.675	10.61	3.0	35.888000000000005
65.0	1	41.62	-429981997	52.73	5.3	0.0	5000	46000	39	0.63	2.0	-2.2	49	-2.26	-2.2	525	50116	0.0	-2.2	1166699.675	10.61	3.0	38.66
0.0	1	38.82	-429981997	53.62	5.3	0.0	5000	46000	39	0.63	1.0	-2.2	49	-2.26	-2.2	525	50116	0.0	-2.2	1166699.675	10.61	3.0	0.0
1.129	1	38.82	-429981997	53.62	5.3	0.0	5000	46000	39	0.63	1.0	-2.2	49	-2.26	-2.2	525	50116	0.0	-2.2	1166699.675	10.61	3.0	25.095
1.935	1	38.82	-429981997	53.62	5.3	0.0	5000	46000	39	0.63	1.0	-2.2	49	-2.26	-2.2	525	50116	0.0	-2.2	1166699.675	10.61	3.0	29.275
8.065	1	38.82	-429981997	53.62	5.3	0.0	5000	46000	39	0.63	1.0	-2.2	49	-2.26	-2.2	525	50116	0.0	-2.2	1166699.675	10.61	3.0	34.271
15.0	1	38.82	-429981997	53.62	5.3	0.0	5000	46000	39	0.63	1.0	-2.2	49	-2.26	-2.2	525	50116	0.0	-2.2	1166699.675	10.61	3.0	38.426
23.065	1	38.82	-429981997	53.62	5.3	0.0	5000	46000	39	0.63	1.0	-2.2	49	-2.26	-2.2	525	50116	0.0	-2.2	1166699.675	10.61	3.0	41.183
30.0	1	38.82	-429981997	53.62	5.3	0.0	5000	46000	39	0.63	1.0	-2.2	49	-2.26	-2.2	525	50116	0.0	-2.2	1166699.675	10.61	3.0	43.108000000000004
36.774	1	38.82	-429981997	53.62	5.3	0.0	5000	46000	39	0.63	1.0	-2.2	49	-2.26	-2.2	525	50116	0.0	-2.2	1166699.675	10.61	3.0	45.033
45.806000000000004	1	38.82	-429981997	53.62	5.3	0.0	5000	46000	39	0.63	1.0	-2.2	49	-2.26	-2.2	525	50116	0.0	-2.2	1166699.675	10.61	3.0	48.901
49.032	1	38.82	-429981997	53.62	5.3	0.0	5000	46000	39	0.63	1.0	-2.2	49	-2.26	-2.2	525	50116	0.0	-2.2	1166699.675	10.61	3.0	51.956
57.903	1	38.82	-429981997	53.62	5.3	0.0	5000	46000	39	0.63	1.0	-2.2	49	-2.26	-2.2	525	50116	0.0	-2.2	1166699.675	10.61	3.0	58.614
65.0	1	38.82	-429981997	53.62	5.3	0.0	5000	46000	39	0.63	1.0	-2.2	49	-2.26	-2.2	525	50116	0.0	-2.2	1166699.675	10.61	3.0	59.98
0.0	1	46.91	-429981997	58.22	5.3	0.0	5000	46000	39	0.63	10.0	10.92	49	10.92	10.92	525	7096	0.0	10.92	1166699.675	11.22	3.0	0.0
0.835	1	46.91	-429981997	58.22	5.3	0.0	5000	46000	39	0.63	10.0	10.92	49	10.92	10.92	525	7096	0.0	10.92	1166699.675	11.22	3.0	6.843999999999999
2.005	1	46.91	-429981997	58.22	5.3	0.0	5000	46000	39	0.63	10.0	10.92	49	10.92	10.92	525	7096	0.0	10.92	1166699.675	11.22	3.0	10.782
9.021	1	46.91	-429981997	58.22	5.3	0.0	5000	46000	39	0.63	10.0	10.92	49	10.92	10.92	525	7096	0.0	10.92	1166699.675	11.22	3.0	12.629000000000001
16.038	1	46.91	-429981997	58.22	5.3	0.0	5000	46000	39	0.63	10.0	10.92	49	10.92	10.92	525	7096	0.0	10.92	1166699.675	11.22	3.0	13.23
23.89	1	46.91	-429981997	58.22	5.3	0.0	5000	46000	39	0.63	10.0	10.92	49	10.92	10.92	525	7096	0.0	10.92	1166699.675	11.22	3.0	15.074000000000002
29.905	1	46.91	-429981997	58.22	5.3	0.0	5000	46000	39	0.63	10.0	10.92	49	10.92	10.92	525	7096	0.0	10.92	1166699.675	11.22	3.0	16.715999999999998
36.754	1	46.91	-429981997	58.22	5.3	0.0	5000	46000	39	0.63	10.0	10.92	49	10.92	10.92	525	7096	0.0	10.92	1166699.675	11.22	3.0	17.941
44.773	1	46.91	-429981997	58.22	5.3	0.0	5000	46000	39	0.63	10.0	10.92	49	10.92	10.92	525	7096	0.0	10.92	1166699.675	11.22	3.0	20.199
50.788000000000004	1	46.91	-429981997	58.22	5.3	0.0	5000	46000	39	0.63	10.0	10.92	49	10.92	10.92	525	7096	0.0	10.92	1166699.675	11.22	3.0	23.916
57.803999999999995	1	46.91	-429981997	58.22	5.3	0.0	5000	46000	39	0.63	10.0	10.92	49	10.92	10.92	525	7096	0.0	10.92	1166699.675	11.22	3.0	27.421999999999997
0.0	1	30.98	-429981997	62.0	5.3	0.0	5000	46000	39	0.63	2.0	10.92	49	10.92	10.92	525	7096	0.0	10.92	1166699.675	11.22	3.0	0.0
1.002	1	30.98	-429981997	62.0	5.3	0.0	5000	46000	39	0.63	2.0	10.92	49	10.92	10.92	525	7096	0.0	10.92	1166699.675	11.22	3.0	9.126
2.005	1	30.98	-429981997	62.0	5.3	0.0	5000	46000	39	0.63	2.0	10.92	49	10.92	10.92	525	7096	0.0	10.92	1166699.675	11.22	3.0	12.235
8.854	1	30.98	-429981997	62.0	5.3	0.0	5000	46000	39	0.63	2.0	10.92	49	10.92	10.92	525	7096	0.0	10.92	1166699.675	11.22	3.0	13.667
16.038	1	30.98	-429981997	62.0	5.3	0.0	5000	46000	39	0.63	2.0	10.92	49	10.92	10.92	525	7096	0.0	10.92	1166699.675	11.22	3.0	14.89
23.89	1	30.98	-429981997	62.0	5.3	0.0	5000	46000	39	0.63	2.0	10.92	49	10.92	10.92	525	7096	0.0	10.92	1166699.675	11.22	3.0	16.734
29.905	1	30.98	-429981997	62.0	5.3	0.0	5000	46000	39	0.63	2.0	10.92	49	10.92	10.92	525	7096	0.0	10.92	1166699.675	11.22	3.0	18.791
36.754	1	30.98	-429981997	62.0	5.3	0.0	5000	46000	39	0.63	2.0	10.92	49	10.92	10.92	525	7096	0.0	10.92	1166699.675	11.22	3.0	20.638
44.773	1	30.98	-429981997	62.0	5.3	0.0	5000	46000	39	0.63	2.0	10.92	49	10.92	10.92	525	7096	0.0	10.92	1166699.675	11.22	3.0	25.801
50.788000000000004	1	30.98	-429981997	62.0	5.3	0.0	5000	46000	39	0.63	2.0	10.92	49	10.92	10.92	525	7096	0.0	10.92	1166699.675	11.22	3.0	30.14
57.803999999999995	1	30.98	-429981997	62.0	5.3	0.0	5000	46000	39	0.63	2.0	10.92	49	10.92	10.92	525	7096	0.0	10.92	1166699.675	11.22	3.0	35.098
1.0070000000000001	1	85.3	899761443	70.0	4.8	0.0	40500	23000	5	0.3	0.0	0.0	11	0.0	0.0	125	0	0.05	0.0	29156.8	0.0	2.5	13.187000000000001
3.022	1	85.3	899761443	70.0	4.8	0.0	40500	23000	5	0.3	0.0	0.0	11	0.0	0.0	125	0	0.05	0.0	29156.8	0.0	2.5	17.582
4.91	1	85.3	899761443	70.0	4.8	0.0	40500	23000	5	0.3	0.0	0.0	11	0.0	0.0	125	0	0.05	0.0	29156.8	0.0	2.5	29.121
7.932	1	85.3	899761443	70.0	4.8	0.0	40500	23000	5	0.3	0.0	0.0	11	0.0	0.0	125	0	0.05	0.0	29156.8	0.0	2.5	32.418
10.953	1	85.3	899761443	70.0	4.8	0.0	40500	23000	5	0.3	0.0	0.0	11	0.0	0.0	125	0	0.05	0.0	29156.8	0.0	2.5	46.153999999999996
13.975	1	85.3	899761443	70.0	4.8	0.0	40500	23000	5	0.3	0.0	0.0	11	0.0	0.0	125	0	0.05	0.0	29156.8	0.0	2.5	59.89
16.996	1	85.3	899761443	70.0	4.8	0.0	40500	23000	5	0.3	0.0	0.0	11	0.0	0.0	125	0	0.05	0.0	29156.8	0.0	2.5	70.87899999999999
21.025	1	85.3	899761443	70.0	4.8	0.0	40500	23000	5	0.3	0.0	0.0	11	0.0	0.0	125	0	0.05	0.0	29156.8	0.0	2.5	81.868
24.928	1	85.3	899761443	70.0	4.8	0.0	40500	23000	5	0.3	0.0	0.0	11	0.0	0.0	125	0	0.05	0.0	29156.8	0.0	2.5	90.65899999999999
29.083000000000002	1	85.3	899761443	70.0	4.8	0.0	40500	23000	5	0.3	0.0	0.0	11	0.0	0.0	125	0	0.05	0.0	29156.8	0.0	2.5	96.154
32.986	1	85.3	899761443	70.0	4.8	0.0	40500	23000	5	0.3	0.0	0.0	11	0.0	0.0	125	0	0.05	0.0	29156.8	0.0	2.5	100.54899999999999
0.0	2	86.76	-429981997	24.5	5.3	2.5	40000	38000	39	0.45	0.0	0.0	49	0.0	0.0	525	0	0.0	0.0	1166699.675	0.0	1.0	0.0
0.017	2	86.76	-429981997	24.5	5.3	2.5	40000	38000	39	0.45	0.0	0.0	49	0.0	0.0	525	0	0.0	0.0	1166699.675	0.0	1.0	45.185
0.252	2	86.76	-429981997	24.5	5.3	2.5	40000	38000	39	0.45	0.0	0.0	49	0.0	0.0	525	0	0.0	0.0	1166699.675	0.0	1.0	68.889
1.0	2	86.76	-429981997	24.5	5.3	2.5	40000	38000	39	0.45	0.0	0.0	49	0.0	0.0	525	0	0.0	0.0	1166699.675	0.0	1.0	78.51899999999999
2.008	2	86.76	-429981997	24.5	5.3	2.5	40000	38000	39	0.45	0.0	0.0	49	0.0	0.0	525	0	0.0	0.0	1166699.675	0.0	1.0	95.556
3.0	2	86.76	-429981997	24.5	5.3	2.5	40000	38000	39	0.45	0.0	0.0	49	0.0	0.0	525	0	0.0	0.0	1166699.675	0.0	1.0	96.667
5.024	2	86.76	-429981997	24.5	5.3	2.5	40000	38000	39	0.45	0.0	0.0	49	0.0	0.0	525	0	0.0	0.0	1166699.675	0.0	1.0	97.385
6.0120000000000005	2	86.76	-429981997	24.5	5.3	2.5	40000	38000	39	0.45	0.0	0.0	49	0.0	0.0	525	0	0.0	0.0	1166699.675	0.0	1.0	98.76899999999999
7.03	2	86.76	-429981997	24.5	5.3	2.5	40000	38000	39	0.45	0.0	0.0	49	0.0	0.0	525	0	0.0	0.0	1166699.675	0.0	1.0	99.23100000000001
8.017000000000001	2	86.76	-429981997	24.5	5.3	2.5	40000	38000	39	0.45	0.0	0.0	49	0.0	0.0	525	0	0.0	0.0	1166699.675	0.0	1.0	99.69200000000001
9.993	2	86.76	-429981997	24.5	5.3	2.5	40000	38000	39	0.45	0.0	0.0	49	0.0	0.0	525	0	0.0	0.0	1166699.675	0.0	1.0	99.69200000000001
11.01	2	86.76	-429981997	24.5	5.3	2.5	40000	38000	39	0.45	0.0	0.0	49	0.0	0.0	525	0	0.0	0.0	1166699.675	0.0	1.0	99.69200000000001
12.027000000000001	2	86.76	-429981997	24.5	5.3	2.5	40000	38000	39	0.45	0.0	0.0	49	0.0	0.0	525	0	0.0	0.0	1166699.675	0.0	1.0	99.69200000000001
13.015	2	86.76	-429981997	24.5	5.3	2.5	40000	38000	39	0.45	0.0	0.0	49	0.0	0.0	525	0	0.0	0.0	1166699.675	0.0	1.0	99.69200000000001
14.032	2	86.76	-429981997	24.5	5.3	2.5	40000	38000	39	0.45	0.0	0.0	49	0.0	0.0	525	0	0.0	0.0	1166699.675	0.0	1.0	99.69200000000001
18.958	2	86.76	-429981997	24.5	5.3	2.5	40000	38000	39	0.45	0.0	0.0	49	0.0	0.0	525	0	0.0	0.0	1166699.675	0.0	1.0	100.0
23.958000000000002	2	86.76	-429981997	24.5	5.3	2.5	40000	38000	39	0.45	0.0	0.0	49	0.0	0.0	525	0	0.0	0.0	1166699.675	0.0	1.0	100.0
26.979	2	86.76	-429981997	24.5	5.3	2.5	40000	38000	39	0.45	0.0	0.0	49	0.0	0.0	525	0	0.0	0.0	1166699.675	0.0	1.0	100.0
0.0	2	90.16	-429981997	24.5	5.3	2.5	40000	38000	39	0.45	0.0	0.0	49	0.0	0.0	525	0	0.0	0.0	1166699.675	0.0	1.0	0.0
0.025	2	90.16	-429981997	24.5	5.3	2.5	40000	38000	39	0.45	0.0	0.0	49	0.0	0.0	525	0	0.0	0.0	1166699.675	0.0	1.0	41.481
0.261	2	90.16	-429981997	24.5	5.3	2.5	40000	38000	39	0.45	0.0	0.0	49	0.0	0.0	525	0	0.0	0.0	1166699.675	0.0	1.0	64.444
1.0	2	90.16	-429981997	24.5	5.3	2.5	40000	38000	39	0.45	0.0	0.0	49	0.0	0.0	525	0	0.0	0.0	1166699.675	0.0	1.0	77.03699999999999
2.008	2	90.16	-429981997	24.5	5.3	2.5	40000	38000	39	0.45	0.0	0.0	49	0.0	0.0	525	0	0.0	0.0	1166699.675	0.0	1.0	94.444
3.0	2	90.16	-429981997	24.5	5.3	2.5	40000	38000	39	0.45	0.0	0.0	49	0.0	0.0	525	0	0.0	0.0	1166699.675	0.0	1.0	96.667
5.024	2	90.16	-429981997	24.5	5.3	2.5	40000	38000	39	0.45	0.0	0.0	49	0.0	0.0	525	0	0.0	0.0	1166699.675	0.0	1.0	97.385
6.0120000000000005	2	90.16	-429981997	24.5	5.3	2.5	40000	38000	39	0.45	0.0	0.0	49	0.0	0.0	525	0	0.0	0.0	1166699.675	0.0	1.0	98.76899999999999
7.03	2	90.16	-429981997	24.5	5.3	2.5	40000	38000	39	0.45	0.0	0.0	49	0.0	0.0	525	0	0.0	0.0	1166699.675	0.0	1.0	99.23100000000001
8.017000000000001	2	90.16	-429981997	24.5	5.3	2.5	40000	38000	39	0.45	0.0	0.0	49	0.0	0.0	525	0	0.0	0.0	1166699.675	0.0	1.0	99.69200000000001
9.993	2	90.16	-429981997	24.5	5.3	2.5	40000	38000	39	0.45	0.0	0.0	49	0.0	0.0	525	0	0.0	0.0	1166699.675	0.0	1.0	99.69200000000001
11.01	2	90.16	-429981997	24.5	5.3	2.5	40000	38000	39	0.45	0.0	0.0	49	0.0	0.0	525	0	0.0	0.0	1166699.675	0.0	1.0	99.69200000000001
12.027000000000001	2	90.16	-429981997	24.5	5.3	2.5	40000	38000	39	0.45	0.0	0.0	49	0.0	0.0	525	0	0.0	0.0	1166699.675	0.0	1.0	99.69200000000001
13.015	2	90.16	-429981997	24.5	5.3	2.5	40000	38000	39	0.45	0.0	0.0	49	0.0	0.0	525	0	0.0	0.0	1166699.675	0.0	1.0	99.69200000000001
14.032	2	90.16	-429981997	24.5	5.3	2.5	40000	38000	39	0.45	0.0	0.0	49	0.0	0.0	525	0	0.0	0.0	1166699.675	0.0	1.0	99.69200000000001
18.958	2	90.16	-429981997	24.5	5.3	2.5	40000	38000	39	0.45	0.0	0.0	49	0.0	0.0	525	0	0.0	0.0	1166699.675	0.0	1.0	100.0
23.958000000000002	2	90.16	-429981997	24.5	5.3	2.5	40000	38000	39	0.45	0.0	0.0	49	0.0	0.0	525	0	0.0	0.0	1166699.675	0.0	1.0	100.0
26.979	2	90.16	-429981997	24.5	5.3	2.5	40000	38000	39	0.45	0.0	0.0	49	0.0	0.0	525	0	0.0	0.0	1166699.675	0.0	1.0	100.0
0.0	2	94.86	-429981997	24.5	5.3	2.5	40000	38000	39	0.45	0.0	0.0	49	0.0	0.0	525	0	0.0	0.0	1166699.675	0.0	1.0	0.0
0.025	2	94.86	-429981997	24.5	5.3	2.5	40000	38000	39	0.45	0.0	0.0	49	0.0	0.0	525	0	0.0	0.0	1166699.675	0.0	1.0	46.667
0.252	2	94.86	-429981997	24.5	5.3	2.5	40000	38000	39	0.45	0.0	0.0	49	0.0	0.0	525	0	0.0	0.0	1166699.675	0.0	1.0	69.63
1.008	2	94.86	-429981997	24.5	5.3	2.5	40000	38000	39	0.45	0.0	0.0	49	0.0	0.0	525	0	0.0	0.0	1166699.675	0.0	1.0	84.074
2.0	2	94.86	-429981997	24.5	5.3	2.5	40000	38000	39	0.45	0.0	0.0	49	0.0	0.0	525	0	0.0	0.0	1166699.675	0.0	1.0	89.259
3.008	2	94.86	-429981997	24.5	5.3	2.5	40000	38000	39	0.45	0.0	0.0	49	0.0	0.0	525	0	0.0	0.0	1166699.675	0.0	1.0	92.22200000000001
5.023	2	94.86	-429981997	24.5	5.3	2.5	40000	38000	39	0.45	0.0	0.0	49	0.0	0.0	525	0	0.0	0.0	1166699.675	0.0	1.0	93.23100000000001
6.011	2	94.86	-429981997	24.5	5.3	2.5	40000	38000	39	0.45	0.0	0.0	49	0.0	0.0	525	0	0.0	0.0	1166699.675	0.0	1.0	94.154
7.029	2	94.86	-429981997	24.5	5.3	2.5	40000	38000	39	0.45	0.0	0.0	49	0.0	0.0	525	0	0.0	0.0	1166699.675	0.0	1.0	95.07700000000001
8.016	2	94.86	-429981997	24.5	5.3	2.5	40000	38000	39	0.45	0.0	0.0	49	0.0	0.0	525	0	0.0	0.0	1166699.675	0.0	1.0	95.538
10.021	2	94.86	-429981997	24.5	5.3	2.5	40000	38000	39	0.45	0.0	0.0	49	0.0	0.0	525	0	0.0	0.0	1166699.675	0.0	1.0	95.538
11.039000000000001	2	94.86	-429981997	24.5	5.3	2.5	40000	38000	39	0.45	0.0	0.0	49	0.0	0.0	525	0	0.0	0.0	1166699.675	0.0	1.0	96.462
12.027000000000001	2	94.86	-429981997	24.5	5.3	2.5	40000	38000	39	0.45	0.0	0.0	49	0.0	0.0	525	0	0.0	0.0	1166699.675	0.0	1.0	98.76899999999999
13.015	2	94.86	-429981997	24.5	5.3	2.5	40000	38000	39	0.45	0.0	0.0	49	0.0	0.0	525	0	0.0	0.0	1166699.675	0.0	1.0	99.69200000000001
14.032	2	94.86	-429981997	24.5	5.3	2.5	40000	38000	39	0.45	0.0	0.0	49	0.0	0.0	525	0	0.0	0.0	1166699.675	0.0	1.0	99.69200000000001
18.958	2	94.86	-429981997	24.5	5.3	2.5	40000	38000	39	0.45	0.0	0.0	49	0.0	0.0	525	0	0.0	0.0	1166699.675	0.0	1.0	100.0
23.958000000000002	2	94.86	-429981997	24.5	5.3	2.5	40000	38000	39	0.45	0.0	0.0	49	0.0	0.0	525	0	0.0	0.0	1166699.675	0.0	1.0	100.0
26.979	2	94.86	-429981997	24.5	5.3	2.5	40000	38000	39	0.45	0.0	0.0	49	0.0	0.0	525	0	0.0	0.0	1166699.675	0.0	1.0	100.0
0.0	1	18.0	224033430	6.75	4.6	1.0	25000	10000	7	0.133	0.0	0.0	7	0.0	0.0	63	0	0.04	0.0	11461.34	0.0	2.0	0.0
0.8170000000000001	1	18.0	224033430	6.75	4.6	1.0	25000	10000	7	0.133	0.0	0.0	7	0.0	0.0	63	0	0.04	0.0	11461.34	0.0	2.0	66.37899999999999
3.065	1	18.0	224033430	6.75	4.6	1.0	25000	10000	7	0.133	0.0	0.0	7	0.0	0.0	63	0	0.04	0.0	11461.34	0.0	2.0	66.81
6.063	1	18.0	224033430	6.75	4.6	1.0	25000	10000	7	0.133	0.0	0.0	7	0.0	0.0	63	0	0.04	0.0	11461.34	0.0	2.0	67.241
9.06	1	18.0	224033430	6.75	4.6	1.0	25000	10000	7	0.133	0.0	0.0	7	0.0	0.0	63	0	0.04	0.0	11461.34	0.0	2.0	78.44800000000001
11.921	1	18.0	224033430	6.75	4.6	1.0	25000	10000	7	0.133	0.0	0.0	7	0.0	0.0	63	0	0.04	0.0	11461.34	0.0	2.0	93.53399999999999
14.985999999999999	1	18.0	224033430	6.75	4.6	1.0	25000	10000	7	0.133	0.0	0.0	7	0.0	0.0	63	0	0.04	0.0	11461.34	0.0	2.0	98.70700000000001
17.984	1	18.0	224033430	6.75	4.6	1.0	25000	10000	7	0.133	0.0	0.0	7	0.0	0.0	63	0	0.04	0.0	11461.34	0.0	2.0	100.0
24.932	1	18.0	224033430	6.75	4.6	1.0	25000	10000	7	0.133	0.0	0.0	7	0.0	0.0	63	0	0.04	0.0	11461.34	0.0	2.0	100.0
1.052	1	93.5	-70193260	16.0	11.35	1.0	50000	10000	10	0.16	0.0	0.0	12	0.0	0.0	105	0	0.0	0.0	8261.69	0.0	1.0	9.232000000000001
7.942	1	93.5	-70193260	16.0	11.35	1.0	50000	10000	10	0.16	0.0	0.0	12	0.0	0.0	105	0	0.0	0.0	8261.69	0.0	1.0	11.384
15.007	1	93.5	-70193260	16.0	11.35	1.0	50000	10000	10	0.16	0.0	0.0	12	0.0	0.0	105	0	0.0	0.0	8261.69	0.0	1.0	11.504000000000001
21.987	1	93.5	-70193260	16.0	11.35	1.0	50000	10000	10	0.16	0.0	0.0	12	0.0	0.0	105	0	0.0	0.0	8261.69	0.0	1.0	13.203
29.066	1	93.5	-70193260	16.0	11.35	1.0	50000	10000	10	0.16	0.0	0.0	12	0.0	0.0	105	0	0.0	0.0	8261.69	0.0	1.0	16.48
1.0170000000000001	1	91.09	-429981997	46.0	5.3	1.0	50000	34000	39	0.4	0.0	0.0	49	0.0	0.0	525	0	0.0	0.0	1166699.675	0.0	1.0	2.456
8.089	1	91.09	-429981997	46.0	5.3	1.0	50000	34000	39	0.4	0.0	0.0	49	0.0	0.0	525	0	0.0	0.0	1166699.675	0.0	1.0	5.003
14.974	1	91.09	-429981997	46.0	5.3	1.0	50000	34000	39	0.4	0.0	0.0	49	0.0	0.0	525	0	0.0	0.0	1166699.675	0.0	1.0	6.4270000000000005
21.951	1	91.09	-429981997	46.0	5.3	1.0	50000	34000	39	0.4	0.0	0.0	49	0.0	0.0	525	0	0.0	0.0	1166699.675	0.0	1.0	7.849
28.934	1	91.09	-429981997	46.0	5.3	1.0	50000	34000	39	0.4	0.0	0.0	49	0.0	0.0	525	0	0.0	0.0	1166699.675	0.0	1.0	11.3
0.925	1	60.39	-70193260	48.0	11.35	1.0	50000	34000	10	0.4	0.0	0.0	12	0.0	0.0	105	0	0.0	0.0	8261.69	0.0	1.0	1.325
8.014	1	60.39	-70193260	48.0	11.35	1.0	50000	34000	10	0.4	0.0	0.0	12	0.0	0.0	105	0	0.0	0.0	8261.69	0.0	1.0	1.84
15.01	1	60.39	-70193260	48.0	11.35	1.0	50000	34000	10	0.4	0.0	0.0	12	0.0	0.0	105	0	0.0	0.0	8261.69	0.0	1.0	2.3569999999999998
22.006999999999998	1	60.39	-70193260	48.0	11.35	1.0	50000	34000	10	0.4	0.0	0.0	12	0.0	0.0	105	0	0.0	0.0	8261.69	0.0	1.0	3.0989999999999998
29.006999999999998	1	60.39	-70193260	48.0	11.35	1.0	50000	34000	10	0.4	0.0	0.0	12	0.0	0.0	105	0	0.0	0.0	8261.69	0.0	1.0	4.515
1.05	1	68.24	-429981997	20.0	5.3	1.0	50000	10000	39	0.16	100.0	1.3	49	1.24	1.3	525	31756354	0.0	1.3	1166699.675	143.22	1.0	8.814
7.962000000000001	1	68.24	-429981997	20.0	5.3	1.0	50000	10000	39	0.16	100.0	1.3	49	1.24	1.3	525	31756354	0.0	1.3	1166699.675	143.22	1.0	15.729000000000001
15.062000000000001	1	68.24	-429981997	20.0	5.3	1.0	50000	10000	39	0.16	100.0	1.3	49	1.24	1.3	525	31756354	0.0	1.3	1166699.675	143.22	1.0	23.546
21.958000000000002	1	68.24	-429981997	20.0	5.3	1.0	50000	10000	39	0.16	100.0	1.3	49	1.24	1.3	525	31756354	0.0	1.3	1166699.675	143.22	1.0	26.838
28.985	1	68.24	-429981997	20.0	5.3	1.0	50000	10000	39	0.16	100.0	1.3	49	1.24	1.3	525	31756354	0.0	1.3	1166699.675	143.22	1.0	38.732
1.056	1	79.15	-70193260	20.0	11.35	1.0	50000	10000	10	0.16	100.0	1.3	12	1.24	1.3	105	31756354	0.0	1.3	8261.69	143.22	1.0	10.135
8.132	1	79.15	-70193260	20.0	11.35	1.0	50000	10000	10	0.16	100.0	1.3	12	1.24	1.3	105	31756354	0.0	1.3	8261.69	143.22	1.0	12.735
15.017999999999999	1	79.15	-70193260	20.0	11.35	1.0	50000	10000	10	0.16	100.0	1.3	12	1.24	1.3	105	31756354	0.0	1.3	8261.69	143.22	1.0	13.985
21.994	1	79.15	-70193260	20.0	11.35	1.0	50000	10000	10	0.16	100.0	1.3	12	1.24	1.3	105	31756354	0.0	1.3	8261.69	143.22	1.0	14.782
28.980999999999998	1	79.15	-70193260	20.0	11.35	1.0	50000	10000	10	0.16	100.0	1.3	12	1.24	1.3	105	31756354	0.0	1.3	8261.69	143.22	1.0	17.835
1.085	1	59.06	-429981997	45.0	5.3	1.0	50000	34000	39	0.4	100.0	1.3	49	1.24	1.3	525	31756354	0.0	1.3	1166699.675	143.22	1.0	24.56
7.979	1	59.06	-429981997	45.0	5.3	1.0	50000	34000	39	0.4	100.0	1.3	49	1.24	1.3	525	31756354	0.0	1.3	1166699.675	143.22	1.0	28.916
14.956	1	59.06	-429981997	45.0	5.3	1.0	50000	34000	39	0.4	100.0	1.3	49	1.24	1.3	525	31756354	0.0	1.3	1166699.675	143.22	1.0	30.337
21.930999999999997	1	59.06	-429981997	45.0	5.3	1.0	50000	34000	39	0.4	100.0	1.3	49	1.24	1.3	525	31756354	0.0	1.3	1166699.675	143.22	1.0	31.308000000000003
29.014	1	59.06	-429981997	45.0	5.3	1.0	50000	34000	39	0.4	100.0	1.3	49	1.24	1.3	525	31756354	0.0	1.3	1166699.675	143.22	1.0	37.238
0.995	1	55.68	-70193260	43.0	11.35	1.0	50000	34000	10	0.4	100.0	1.3	12	1.24	1.3	105	31756354	0.0	1.3	8261.69	143.22	1.0	16.38
8.086	1	55.68	-70193260	43.0	11.35	1.0	50000	34000	10	0.4	100.0	1.3	12	1.24	1.3	105	31756354	0.0	1.3	8261.69	143.22	1.0	17.569000000000003
14.995	1	55.68	-70193260	43.0	11.35	1.0	50000	34000	10	0.4	100.0	1.3	12	1.24	1.3	105	31756354	0.0	1.3	8261.69	143.22	1.0	19.211
21.995	1	55.68	-70193260	43.0	11.35	1.0	50000	34000	10	0.4	100.0	1.3	12	1.24	1.3	105	31756354	0.0	1.3	8261.69	143.22	1.0	20.403
29.005	1	55.68	-70193260	43.0	11.35	1.0	50000	34000	10	0.4	100.0	1.3	12	1.24	1.3	105	31756354	0.0	1.3	8261.69	143.22	1.0	24.065
0.98	1	74.94	-429981997	18.0	5.3	1.0	50000	10000	39	0.16	100.0	18.14	49	18.08	18.14	525	2213852	0.0	18.14	1166699.675	24.42	1.0	13.57
7.982	1	74.94	-429981997	18.0	5.3	1.0	50000	10000	39	0.16	100.0	18.14	49	18.08	18.14	525	2213852	0.0	18.14	1166699.675	24.42	1.0	20.03
15.077	1	74.94	-429981997	18.0	5.3	1.0	50000	10000	39	0.16	100.0	18.14	49	18.08	18.14	525	2213852	0.0	18.14	1166699.675	24.42	1.0	26.715999999999998
21.971	1	74.94	-429981997	18.0	5.3	1.0	50000	10000	39	0.16	100.0	18.14	49	18.08	18.14	525	2213852	0.0	18.14	1166699.675	24.42	1.0	29.781999999999996
28.985	1	74.94	-429981997	18.0	5.3	1.0	50000	10000	39	0.16	100.0	18.14	49	18.08	18.14	525	2213852	0.0	18.14	1166699.675	24.42	1.0	38.732
0.982	1	88.35	-70193260	20.0	11.35	1.0	50000	10000	10	0.16	100.0	18.14	12	18.08	18.14	105	2213852	0.0	18.14	8261.69	24.42	1.0	13.97
8.054	1	88.35	-70193260	20.0	11.35	1.0	50000	10000	10	0.16	100.0	18.14	12	18.08	18.14	105	2213852	0.0	18.14	8261.69	24.42	1.0	15.668
15.029000000000002	1	88.35	-70193260	20.0	11.35	1.0	50000	10000	10	0.16	100.0	18.14	12	18.08	18.14	105	2213852	0.0	18.14	8261.69	24.42	1.0	16.24
22.006999999999998	1	88.35	-70193260	20.0	11.35	1.0	50000	10000	10	0.16	100.0	18.14	12	18.08	18.14	105	2213852	0.0	18.14	8261.69	24.42	1.0	17.489
28.988000000000003	1	88.35	-70193260	20.0	11.35	1.0	50000	10000	10	0.16	100.0	18.14	12	18.08	18.14	105	2213852	0.0	18.14	8261.69	24.42	1.0	19.414
1.023	1	65.86	-429981997	44.0	5.3	1.0	50000	34000	39	0.4	100.0	18.14	49	18.08	18.14	525	2213852	0.0	18.14	1166699.675	24.42	1.0	4.261
8.005	1	65.86	-429981997	44.0	5.3	1.0	50000	34000	39	0.4	100.0	18.14	49	18.08	18.14	525	2213852	0.0	18.14	1166699.675	24.42	1.0	7.487
15.075	1	65.86	-429981997	44.0	5.3	1.0	50000	34000	39	0.4	100.0	18.14	49	18.08	18.14	525	2213852	0.0	18.14	1166699.675	24.42	1.0	9.357000000000001
22.052	1	65.86	-429981997	44.0	5.3	1.0	50000	34000	39	0.4	100.0	18.14	49	18.08	18.14	525	2213852	0.0	18.14	1166699.675	24.42	1.0	10.779000000000002
29.033	1	65.86	-429981997	44.0	5.3	1.0	50000	34000	39	0.4	100.0	18.14	49	18.08	18.14	525	2213852	0.0	18.14	1166699.675	24.42	1.0	13.554
0.883	1	56.51	-70193260	45.0	11.35	1.0	50000	34000	10	0.4	100.0	18.14	12	18.08	18.14	105	2213852	0.0	18.14	8261.69	24.42	1.0	12.113
7.9879999999999995	1	56.51	-70193260	45.0	11.35	1.0	50000	34000	10	0.4	100.0	18.14	12	18.08	18.14	105	2213852	0.0	18.14	8261.69	24.42	1.0	16.223
14.987	1	56.51	-70193260	45.0	11.35	1.0	50000	34000	10	0.4	100.0	18.14	12	18.08	18.14	105	2213852	0.0	18.14	8261.69	24.42	1.0	17.414
21.984	1	56.51	-70193260	45.0	11.35	1.0	50000	34000	10	0.4	100.0	18.14	12	18.08	18.14	105	2213852	0.0	18.14	8261.69	24.42	1.0	18.156
28.987	1	56.51	-70193260	45.0	11.35	1.0	50000	34000	10	0.4	100.0	18.14	12	18.08	18.14	105	2213852	0.0	18.14	8261.69	24.42	1.0	20.021
0.962718813	3	100.0	-429981997	30.0	5.3	0.0	0	34000	39	0.4	100.0	1.3	49	1.24	1.3	525	31756354	0.0	1.3	1166699.675	143.22	5.0	59.603
3.9880737470999996	3	100.0	-429981997	30.0	5.3	0.0	0	34000	39	0.4	100.0	1.3	49	1.24	1.3	525	31756354	0.0	1.3	1166699.675	143.22	5.0	60.678000000000004
7.0152921583	3	100.0	-429981997	30.0	5.3	0.0	0	34000	39	0.4	100.0	1.3	49	1.24	1.3	525	31756354	0.0	1.3	1166699.675	143.22	5.0	64.77199999999999
9.053237209	3	100.0	-429981997	30.0	5.3	0.0	0	34000	39	0.4	100.0	1.3	49	1.24	1.3	525	31756354	0.0	1.3	1166699.675	143.22	5.0	66.243
12.0184950094	3	100.0	-429981997	30.0	5.3	0.0	0	34000	39	0.4	100.0	1.3	49	1.24	1.3	525	31756354	0.0	1.3	1166699.675	143.22	5.0	69.961
16.0312598269	3	100.0	-429981997	30.0	5.3	0.0	0	34000	39	0.4	100.0	1.3	49	1.24	1.3	525	31756354	0.0	1.3	1166699.675	143.22	5.0	70.64
18.0694378123	3	100.0	-429981997	30.0	5.3	0.0	0	34000	39	0.4	100.0	1.3	49	1.24	1.3	525	31756354	0.0	1.3	1166699.675	143.22	5.0	72.488
0.9648152245999999	3	100.0	-429981997	30.0	5.3	0.0	0	34000	39	0.4	100.0	18.14	49	18.08	18.14	525	2213852	0.0	18.14	1166699.675	24.42	5.0	62.998999999999995
3.9941300474	3	100.0	-429981997	30.0	5.3	0.0	0	34000	39	0.4	100.0	18.14	49	18.08	18.14	525	2213852	0.0	18.14	1166699.675	24.42	5.0	70.49
7.0197179162	3	100.0	-429981997	30.0	5.3	0.0	0	34000	39	0.4	100.0	18.14	49	18.08	18.14	525	2213852	0.0	18.14	1166699.675	24.42	5.0	71.942
9.0581288361	3	100.0	-429981997	30.0	5.3	0.0	0	34000	39	0.4	100.0	18.14	49	18.08	18.14	525	2213852	0.0	18.14	1166699.675	24.42	5.0	74.168
11.961891895	3	100.0	-429981997	30.0	5.3	0.0	0	34000	39	0.4	100.0	18.14	49	18.08	18.14	525	2213852	0.0	18.14	1166699.675	24.42	5.0	78.264
16.0363843887	3	100.0	-429981997	30.0	5.3	0.0	0	34000	39	0.4	100.0	18.14	49	18.08	18.14	525	2213852	0.0	18.14	1166699.675	24.42	5.0	78.942
18.0743294394	3	100.0	-429981997	30.0	5.3	0.0	0	34000	39	0.4	100.0	18.14	49	18.08	18.14	525	2213852	0.0	18.14	1166699.675	24.42	5.0	80.413
0.0	4	18.0	-429981997	3.8	5.3	0.0	0	12000	39	0.2	10.4	-4.73	49	-4.8	-4.73	525	2001460	0.0	-4.73	1166699.675	27.43	20.0	0.0
0.977	4	18.0	-429981997	3.8	5.3	0.0	0	12000	39	0.2	10.4	-4.73	49	-4.8	-4.73	525	2001460	0.0	-4.73	1166699.675	27.43	20.0	19.259
1.97	4	18.0	-429981997	3.8	5.3	0.0	0	12000	39	0.2	10.4	-4.73	49	-4.8	-4.73	525	2001460	0.0	-4.73	1166699.675	27.43	20.0	23.704
3.8560000000000003	4	18.0	-429981997	3.8	5.3	0.0	0	12000	39	0.2	10.4	-4.73	49	-4.8	-4.73	525	2001460	0.0	-4.73	1166699.675	27.43	20.0	30.741
5.942	4	18.0	-429981997	3.8	5.3	0.0	0	12000	39	0.2	10.4	-4.73	49	-4.8	-4.73	525	2001460	0.0	-4.73	1166699.675	27.43	20.0	38.148
7.928	4	18.0	-429981997	3.8	5.3	0.0	0	12000	39	0.2	10.4	-4.73	49	-4.8	-4.73	525	2001460	0.0	-4.73	1166699.675	27.43	20.0	45.926
10.009	4	18.0	-429981997	3.8	5.3	0.0	0	12000	39	0.2	10.4	-4.73	49	-4.8	-4.73	525	2001460	0.0	-4.73	1166699.675	27.43	20.0	57.778
11.999	4	18.0	-429981997	3.8	5.3	0.0	0	12000	39	0.2	10.4	-4.73	49	-4.8	-4.73	525	2001460	0.0	-4.73	1166699.675	27.43	20.0	61.111000000000004
13.888	4	18.0	-429981997	3.8	5.3	0.0	0	12000	39	0.2	10.4	-4.73	49	-4.8	-4.73	525	2001460	0.0	-4.73	1166699.675	27.43	20.0	65.926
15.876	4	18.0	-429981997	3.8	5.3	0.0	0	12000	39	0.2	10.4	-4.73	49	-4.8	-4.73	525	2001460	0.0	-4.73	1166699.675	27.43	20.0	71.111
19.955	4	18.0	-429981997	3.8	5.3	0.0	0	12000	39	0.2	10.4	-4.73	49	-4.8	-4.73	525	2001460	0.0	-4.73	1166699.675	27.43	20.0	78.148
25.927	4	18.0	-429981997	3.8	5.3	0.0	0	12000	39	0.2	10.4	-4.73	49	-4.8	-4.73	525	2001460	0.0	-4.73	1166699.675	27.43	20.0	86.667
30.008000000000003	4	18.0	-429981997	3.8	5.3	0.0	0	12000	39	0.2	10.4	-4.73	49	-4.8	-4.73	525	2001460	0.0	-4.73	1166699.675	27.43	20.0	92.22200000000001
0.0	4	47.0	-429981997	23.8	5.3	0.0	0	98000	39	0.855	2.8	-4.73	49	-4.8	-4.73	525	2001460	0.0	-4.73	1166699.675	27.43	20.0	0.0
0.94	4	47.0	-429981997	23.8	5.3	0.0	0	98000	39	0.855	2.8	-4.73	49	-4.8	-4.73	525	2001460	0.0	-4.73	1166699.675	27.43	20.0	56.667
1.936	4	47.0	-429981997	23.8	5.3	0.0	0	98000	39	0.855	2.8	-4.73	49	-4.8	-4.73	525	2001460	0.0	-4.73	1166699.675	27.43	20.0	57.407
3.929	4	47.0	-429981997	23.8	5.3	0.0	0	98000	39	0.855	2.8	-4.73	49	-4.8	-4.73	525	2001460	0.0	-4.73	1166699.675	27.43	20.0	57.407
6.022	4	47.0	-429981997	23.8	5.3	0.0	0	98000	39	0.855	2.8	-4.73	49	-4.8	-4.73	525	2001460	0.0	-4.73	1166699.675	27.43	20.0	57.778
8.013	4	47.0	-429981997	23.8	5.3	0.0	0	98000	39	0.855	2.8	-4.73	49	-4.8	-4.73	525	2001460	0.0	-4.73	1166699.675	27.43	20.0	60.37
10.004	4	47.0	-429981997	23.8	5.3	0.0	0	98000	39	0.855	2.8	-4.73	49	-4.8	-4.73	525	2001460	0.0	-4.73	1166699.675	27.43	20.0	62.963
11.994000000000002	4	47.0	-429981997	23.8	5.3	0.0	0	98000	39	0.855	2.8	-4.73	49	-4.8	-4.73	525	2001460	0.0	-4.73	1166699.675	27.43	20.0	65.556
13.886	4	47.0	-429981997	23.8	5.3	0.0	0	98000	39	0.855	2.8	-4.73	49	-4.8	-4.73	525	2001460	0.0	-4.73	1166699.675	27.43	20.0	67.778
15.979000000000001	4	47.0	-429981997	23.8	5.3	0.0	0	98000	39	0.855	2.8	-4.73	49	-4.8	-4.73	525	2001460	0.0	-4.73	1166699.675	27.43	20.0	68.148
20.063	4	47.0	-429981997	23.8	5.3	0.0	0	98000	39	0.855	2.8	-4.73	49	-4.8	-4.73	525	2001460	0.0	-4.73	1166699.675	27.43	20.0	69.63
26.039	4	47.0	-429981997	23.8	5.3	0.0	0	98000	39	0.855	2.8	-4.73	49	-4.8	-4.73	525	2001460	0.0	-4.73	1166699.675	27.43	20.0	74.074
29.923000000000002	4	47.0	-429981997	23.8	5.3	0.0	0	98000	39	0.855	2.8	-4.73	49	-4.8	-4.73	525	2001460	0.0	-4.73	1166699.675	27.43	20.0	77.03699999999999
0.0	4	23.0	-429981997	1.3	5.3	0.0	0	98000	39	0.855	10.4	-4.73	49	-4.8	-4.73	525	2001460	0.0	-4.73	1166699.675	27.43	20.0	0.0
0.9790000000000001	4	23.0	-429981997	1.3	5.3	0.0	0	98000	39	0.855	10.4	-4.73	49	-4.8	-4.73	525	2001460	0.0	-4.73	1166699.675	27.43	20.0	17.407
1.972	4	23.0	-429981997	1.3	5.3	0.0	0	98000	39	0.855	10.4	-4.73	49	-4.8	-4.73	525	2001460	0.0	-4.73	1166699.675	27.43	20.0	21.480999999999998
3.9589999999999996	4	23.0	-429981997	1.3	5.3	0.0	0	98000	39	0.855	10.4	-4.73	49	-4.8	-4.73	525	2001460	0.0	-4.73	1166699.675	27.43	20.0	27.778000000000002
5.946000000000001	4	23.0	-429981997	1.3	5.3	0.0	0	98000	39	0.855	10.4	-4.73	49	-4.8	-4.73	525	2001460	0.0	-4.73	1166699.675	27.43	20.0	34.074
7.93	4	23.0	-429981997	1.3	5.3	0.0	0	98000	39	0.855	10.4	-4.73	49	-4.8	-4.73	525	2001460	0.0	-4.73	1166699.675	27.43	20.0	43.70399999999999
9.911	4	23.0	-429981997	1.3	5.3	0.0	0	98000	39	0.855	10.4	-4.73	49	-4.8	-4.73	525	2001460	0.0	-4.73	1166699.675	27.43	20.0	55.556000000000004
12.001	4	23.0	-429981997	1.3	5.3	0.0	0	98000	39	0.855	10.4	-4.73	49	-4.8	-4.73	525	2001460	0.0	-4.73	1166699.675	27.43	20.0	58.888999999999996
15.975	4	23.0	-429981997	1.3	5.3	0.0	0	98000	39	0.855	10.4	-4.73	49	-4.8	-4.73	525	2001460	0.0	-4.73	1166699.675	27.43	20.0	71.48100000000001
19.956	4	23.0	-429981997	1.3	5.3	0.0	0	98000	39	0.855	10.4	-4.73	49	-4.8	-4.73	525	2001460	0.0	-4.73	1166699.675	27.43	20.0	77.03699999999999
25.929000000000002	4	23.0	-429981997	1.3	5.3	0.0	0	98000	39	0.855	10.4	-4.73	49	-4.8	-4.73	525	2001460	0.0	-4.73	1166699.675	27.43	20.0	84.815
29.91	4	23.0	-429981997	1.3	5.3	0.0	0	98000	39	0.855	10.4	-4.73	49	-4.8	-4.73	525	2001460	0.0	-4.73	1166699.675	27.43	20.0	90.0
0.0	4	29.0	-550519458	2.2	5.0	0.0	0	31000	7	0.38	2.8	-4.73	22	-4.8	-4.73	183	2001460	0.0	-4.73	28921.96	27.43	20.0	0.0
1.026	4	29.0	-550519458	2.2	5.0	0.0	0	31000	7	0.38	2.8	-4.73	22	-4.8	-4.73	183	2001460	0.0	-4.73	28921.96	27.43	20.0	29.412
1.93	4	29.0	-550519458	2.2	5.0	0.0	0	31000	7	0.38	2.8	-4.73	22	-4.8	-4.73	183	2001460	0.0	-4.73	28921.96	27.43	20.0	36.029
4.029	4	29.0	-550519458	2.2	5.0	0.0	0	31000	7	0.38	2.8	-4.73	22	-4.8	-4.73	183	2001460	0.0	-4.73	28921.96	27.43	20.0	42.278999999999996
5.926	4	29.0	-550519458	2.2	5.0	0.0	0	31000	7	0.38	2.8	-4.73	22	-4.8	-4.73	183	2001460	0.0	-4.73	28921.96	27.43	20.0	45.588
7.922000000000001	4	29.0	-550519458	2.2	5.0	0.0	0	31000	7	0.38	2.8	-4.73	22	-4.8	-4.73	183	2001460	0.0	-4.73	28921.96	27.43	20.0	48.897
10.021	4	29.0	-550519458	2.2	5.0	0.0	0	31000	7	0.38	2.8	-4.73	22	-4.8	-4.73	183	2001460	0.0	-4.73	28921.96	27.43	20.0	54.044
12.017000000000001	4	29.0	-550519458	2.2	5.0	0.0	0	31000	7	0.38	2.8	-4.73	22	-4.8	-4.73	183	2001460	0.0	-4.73	28921.96	27.43	20.0	57.353
14.117	4	29.0	-550519458	2.2	5.0	0.0	0	31000	7	0.38	2.8	-4.73	22	-4.8	-4.73	183	2001460	0.0	-4.73	28921.96	27.43	20.0	64.33800000000001
16.015	4	29.0	-550519458	2.2	5.0	0.0	0	31000	7	0.38	2.8	-4.73	22	-4.8	-4.73	183	2001460	0.0	-4.73	28921.96	27.43	20.0	68.382
20.012	4	29.0	-550519458	2.2	5.0	0.0	0	31000	7	0.38	2.8	-4.73	22	-4.8	-4.73	183	2001460	0.0	-4.73	28921.96	27.43	20.0	78.309
26.195999999999998	4	29.0	-550519458	2.2	5.0	0.0	0	31000	7	0.38	2.8	-4.73	22	-4.8	-4.73	183	2001460	0.0	-4.73	28921.96	27.43	20.0	83.088
29.989	4	29.0	-550519458	2.2	5.0	0.0	0	31000	7	0.38	2.8	-4.73	22	-4.8	-4.73	183	2001460	0.0	-4.73	28921.96	27.43	20.0	88.603
0.0	4	78.0	-429981997	120.49	5.3	0.0	31000	50000	39	0.72	0.0	0.0	49	0.0	0.0	525	0	0.0	0.0	1166699.675	0.0	3.5	0.0
0.883	4	78.0	-429981997	120.49	5.3	0.0	31000	50000	39	0.72	0.0	0.0	49	0.0	0.0	525	0	0.0	0.0	1166699.675	0.0	3.5	41.56399999999999
7.382000000000001	4	78.0	-429981997	120.49	5.3	0.0	31000	50000	39	0.72	0.0	0.0	49	0.0	0.0	525	0	0.0	0.0	1166699.675	0.0	3.5	60.082
14.092	4	78.0	-429981997	120.49	5.3	0.0	31000	50000	39	0.72	0.0	0.0	49	0.0	0.0	525	0	0.0	0.0	1166699.675	0.0	3.5	60.082
28.018	4	78.0	-429981997	120.49	5.3	0.0	31000	50000	39	0.72	0.0	0.0	49	0.0	0.0	525	0	0.0	0.0	1166699.675	0.0	3.5	56.379
46.096000000000004	4	78.0	-429981997	120.49	5.3	0.0	31000	50000	39	0.72	0.0	0.0	49	0.0	0.0	525	0	0.0	0.0	1166699.675	0.0	3.5	61.728
54.102	4	78.0	-429981997	120.49	5.3	0.0	31000	50000	39	0.72	0.0	0.0	49	0.0	0.0	525	0	0.0	0.0	1166699.675	0.0	3.5	64.19800000000001
63.413999999999994	4	78.0	-429981997	120.49	5.3	0.0	31000	50000	39	0.72	0.0	0.0	49	0.0	0.0	525	0	0.0	0.0	1166699.675	0.0	3.5	72.428
84.06	4	78.0	-429981997	120.49	5.3	0.0	31000	50000	39	0.72	0.0	0.0	49	0.0	0.0	525	0	0.0	0.0	1166699.675	0.0	3.5	72.84
0.0	4	87.0	-429981997	109.68	5.3	0.0	31000	33000	39	0.55	0.0	0.0	49	0.0	0.0	525	0	0.0	0.0	1166699.675	0.0	3.5	0.0
1.258	4	87.0	-429981997	109.68	5.3	0.0	31000	33000	39	0.55	0.0	0.0	49	0.0	0.0	525	0	0.0	0.0	1166699.675	0.0	3.5	87.243
7.195	4	87.0	-429981997	109.68	5.3	0.0	31000	33000	39	0.55	0.0	0.0	49	0.0	0.0	525	0	0.0	0.0	1166699.675	0.0	3.5	87.654
13.927	4	87.0	-429981997	109.68	5.3	0.0	31000	33000	39	0.55	0.0	0.0	49	0.0	0.0	525	0	0.0	0.0	1166699.675	0.0	3.5	96.296
28.112	4	87.0	-429981997	109.68	5.3	0.0	31000	33000	39	0.55	0.0	0.0	49	0.0	0.0	525	0	0.0	0.0	1166699.675	0.0	3.5	93.00399999999999
45.895	4	87.0	-429981997	109.68	5.3	0.0	31000	33000	39	0.55	0.0	0.0	49	0.0	0.0	525	0	0.0	0.0	1166699.675	0.0	3.5	83.95100000000001
54.162	4	87.0	-429981997	109.68	5.3	0.0	31000	33000	39	0.55	0.0	0.0	49	0.0	0.0	525	0	0.0	0.0	1166699.675	0.0	3.5	87.243
63.198	4	87.0	-429981997	109.68	5.3	0.0	31000	33000	39	0.55	0.0	0.0	49	0.0	0.0	525	0	0.0	0.0	1166699.675	0.0	3.5	88.889
84.081	4	87.0	-429981997	109.68	5.3	0.0	31000	33000	39	0.55	0.0	0.0	49	0.0	0.0	525	0	0.0	0.0	1166699.675	0.0	3.5	81.07
0.0	4	78.0	-429981997	78.0	5.3	0.0	31000	46000	39	0.525	8.41	-7.55	49	-7.61	-7.55	525	11402920	0.0	-7.55	1166699.675	39.46	3.5	0.0
1.18	4	78.0	-429981997	78.0	5.3	0.0	31000	46000	39	0.525	8.41	-7.55	49	-7.61	-7.55	525	11402920	0.0	-7.55	1166699.675	39.46	3.5	57.025
6.895	4	78.0	-429981997	78.0	5.3	0.0	31000	46000	39	0.525	8.41	-7.55	49	-7.61	-7.55	525	11402920	0.0	-7.55	1166699.675	39.46	3.5	71.488
14.12	4	78.0	-429981997	78.0	5.3	0.0	31000	46000	39	0.525	8.41	-7.55	49	-7.61	-7.55	525	11402920	0.0	-7.55	1166699.675	39.46	3.5	71.074
28.066	4	78.0	-429981997	78.0	5.3	0.0	31000	46000	39	0.525	8.41	-7.55	49	-7.61	-7.55	525	11402920	0.0	-7.55	1166699.675	39.46	3.5	75.207
46.13	4	78.0	-429981997	78.0	5.3	0.0	31000	46000	39	0.525	8.41	-7.55	49	-7.61	-7.55	525	11402920	0.0	-7.55	1166699.675	39.46	3.5	74.793
54.13399999999999	4	78.0	-429981997	78.0	5.3	0.0	31000	46000	39	0.525	8.41	-7.55	49	-7.61	-7.55	525	11402920	0.0	-7.55	1166699.675	39.46	3.5	76.446
63.42100000000001	4	78.0	-429981997	78.0	5.3	0.0	31000	46000	39	0.525	8.41	-7.55	49	-7.61	-7.55	525	11402920	0.0	-7.55	1166699.675	39.46	3.5	75.207
84.315	4	78.0	-429981997	78.0	5.3	0.0	31000	46000	39	0.525	8.41	-7.55	49	-7.61	-7.55	525	11402920	0.0	-7.55	1166699.675	39.46	3.5	71.488
0.0	4	71.0	-429981997	70.78	5.3	0.0	31000	46000	39	0.525	5.29	-7.55	49	-7.61	-7.55	525	11402920	0.0	-7.55	1166699.675	39.46	3.5	0.0
1.2329999999999999	4	71.0	-429981997	70.78	5.3	0.0	31000	46000	39	0.525	5.29	-7.55	49	-7.61	-7.55	525	11402920	0.0	-7.55	1166699.675	39.46	3.5	77.273
7.196000000000001	4	71.0	-429981997	70.78	5.3	0.0	31000	46000	39	0.525	5.29	-7.55	49	-7.61	-7.55	525	11402920	0.0	-7.55	1166699.675	39.46	3.5	88.01700000000001
14.185	4	71.0	-429981997	70.78	5.3	0.0	31000	46000	39	0.525	5.29	-7.55	49	-7.61	-7.55	525	11402920	0.0	-7.55	1166699.675	39.46	3.5	96.281
28.119	4	71.0	-429981997	70.78	5.3	0.0	31000	46000	39	0.525	5.29	-7.55	49	-7.61	-7.55	525	11402920	0.0	-7.55	1166699.675	39.46	3.5	95.868
46.163999999999994	4	71.0	-429981997	70.78	5.3	0.0	31000	46000	39	0.525	5.29	-7.55	49	-7.61	-7.55	525	11402920	0.0	-7.55	1166699.675	39.46	3.5	88.01700000000001
54.157	4	71.0	-429981997	70.78	5.3	0.0	31000	46000	39	0.525	5.29	-7.55	49	-7.61	-7.55	525	11402920	0.0	-7.55	1166699.675	39.46	3.5	85.537
63.198	4	71.0	-429981997	70.78	5.3	0.0	31000	46000	39	0.525	5.29	-7.55	49	-7.61	-7.55	525	11402920	0.0	-7.55	1166699.675	39.46	3.5	88.84299999999999
84.324	4	71.0	-429981997	70.78	5.3	0.0	31000	46000	39	0.525	5.29	-7.55	49	-7.61	-7.55	525	11402920	0.0	-7.55	1166699.675	39.46	3.5	75.207
0.0	4	74.0	-429981997	102.29	5.3	0.0	31000	61500	39	0.675	8.41	-7.55	49	-7.61	-7.55	525	11402920	0.0	-7.55	1166699.675	39.46	3.5	0.0
1.1	4	74.0	-429981997	102.29	5.3	0.0	31000	61500	39	0.675	8.41	-7.55	49	-7.61	-7.55	525	11402920	0.0	-7.55	1166699.675	39.46	3.5	26.236
7.1129999999999995	4	74.0	-429981997	102.29	5.3	0.0	31000	61500	39	0.675	8.41	-7.55	49	-7.61	-7.55	525	11402920	0.0	-7.55	1166699.675	39.46	3.5	56.185
14.35	4	74.0	-429981997	102.29	5.3	0.0	31000	61500	39	0.675	8.41	-7.55	49	-7.61	-7.55	525	11402920	0.0	-7.55	1166699.675	39.46	3.5	60.731
28.053	4	74.0	-429981997	102.29	5.3	0.0	31000	61500	39	0.675	8.41	-7.55	49	-7.61	-7.55	525	11402920	0.0	-7.55	1166699.675	39.46	3.5	70.637
46.107	4	74.0	-429981997	102.29	5.3	0.0	31000	61500	39	0.675	8.41	-7.55	49	-7.61	-7.55	525	11402920	0.0	-7.55	1166699.675	39.46	3.5	66.631
54.37	4	74.0	-429981997	102.29	5.3	0.0	31000	61500	39	0.675	8.41	-7.55	49	-7.61	-7.55	525	11402920	0.0	-7.55	1166699.675	39.46	3.5	68.313
63.425	4	74.0	-429981997	102.29	5.3	0.0	31000	61500	39	0.675	8.41	-7.55	49	-7.61	-7.55	525	11402920	0.0	-7.55	1166699.675	39.46	3.5	77.375
84.321	4	74.0	-429981997	102.29	5.3	0.0	31000	61500	39	0.675	8.41	-7.55	49	-7.61	-7.55	525	11402920	0.0	-7.55	1166699.675	39.46	3.5	74.204
0.0	4	82.0	-429981997	99.01	5.3	0.0	31000	61500	39	0.675	5.29	-7.55	49	-7.61	-7.55	525	11402920	0.0	-7.55	1166699.675	39.46	3.5	0.0
1.186	4	82.0	-429981997	99.01	5.3	0.0	31000	61500	39	0.675	5.29	-7.55	49	-7.61	-7.55	525	11402920	0.0	-7.55	1166699.675	39.46	3.5	59.434
7.202000000000001	4	82.0	-429981997	99.01	5.3	0.0	31000	61500	39	0.675	5.29	-7.55	49	-7.61	-7.55	525	11402920	0.0	-7.55	1166699.675	39.46	3.5	90.61200000000001
14.169	4	82.0	-429981997	99.01	5.3	0.0	31000	61500	39	0.675	5.29	-7.55	49	-7.61	-7.55	525	11402920	0.0	-7.55	1166699.675	39.46	3.5	90.648
28.123	4	82.0	-429981997	99.01	5.3	0.0	31000	61500	39	0.675	5.29	-7.55	49	-7.61	-7.55	525	11402920	0.0	-7.55	1166699.675	39.46	3.5	97.686
46.165	4	82.0	-429981997	99.01	5.3	0.0	31000	61500	39	0.675	5.29	-7.55	49	-7.61	-7.55	525	11402920	0.0	-7.55	1166699.675	39.46	3.5	88.762
54.168	4	82.0	-429981997	99.01	5.3	0.0	31000	61500	39	0.675	5.29	-7.55	49	-7.61	-7.55	525	11402920	0.0	-7.55	1166699.675	39.46	3.5	90.03299999999999
63.455	4	82.0	-429981997	99.01	5.3	0.0	31000	61500	39	0.675	5.29	-7.55	49	-7.61	-7.55	525	11402920	0.0	-7.55	1166699.675	39.46	3.5	88.851
84.34100000000001	4	82.0	-429981997	99.01	5.3	0.0	31000	61500	39	0.675	5.29	-7.55	49	-7.61	-7.55	525	11402920	0.0	-7.55	1166699.675	39.46	3.5	81.991
0.0	4	83.0	-429981997	83.53	5.3	0.0	31000	46000	39	0.525	0.0	0.0	49	0.0	0.0	525	0	0.0	0.0	1166699.675	0.0	3.5	0.0
1.088	4	83.0	-429981997	83.53	5.3	0.0	31000	46000	39	0.525	0.0	0.0	49	0.0	0.0	525	0	0.0	0.0	1166699.675	0.0	3.5	21.074
7.066	4	83.0	-429981997	83.53	5.3	0.0	31000	46000	39	0.525	0.0	0.0	49	0.0	0.0	525	0	0.0	0.0	1166699.675	0.0	3.5	37.603
14.030999999999999	4	83.0	-429981997	83.53	5.3	0.0	31000	46000	39	0.525	0.0	0.0	49	0.0	0.0	525	0	0.0	0.0	1166699.675	0.0	3.5	36.777
28.234	4	83.0	-429981997	83.53	5.3	0.0	31000	46000	39	0.525	0.0	0.0	49	0.0	0.0	525	0	0.0	0.0	1166699.675	0.0	3.5	40.083
46.028	4	83.0	-429981997	83.53	5.3	0.0	31000	46000	39	0.525	0.0	0.0	49	0.0	0.0	525	0	0.0	0.0	1166699.675	0.0	3.5	35.537
54.292	4	83.0	-429981997	83.53	5.3	0.0	31000	46000	39	0.525	0.0	0.0	49	0.0	0.0	525	0	0.0	0.0	1166699.675	0.0	3.5	37.603
63.132	4	83.0	-429981997	83.53	5.3	0.0	31000	46000	39	0.525	0.0	0.0	49	0.0	0.0	525	0	0.0	0.0	1166699.675	0.0	3.5	63.223
84.323	4	83.0	-429981997	83.53	5.3	0.0	31000	46000	39	0.525	0.0	0.0	49	0.0	0.0	525	0	0.0	0.0	1166699.675	0.0	3.5	74.793
0.0	4	76.0	-429981997	108.24	5.3	0.0	31000	61500	39	0.675	0.0	0.0	49	0.0	0.0	525	0	0.0	0.0	1166699.675	0.0	3.5	0.0
1.053	4	76.0	-429981997	108.24	5.3	0.0	31000	61500	39	0.675	0.0	0.0	49	0.0	0.0	525	0	0.0	0.0	1166699.675	0.0	3.5	8.203
6.791	4	76.0	-429981997	108.24	5.3	0.0	31000	61500	39	0.675	0.0	0.0	49	0.0	0.0	525	0	0.0	0.0	1166699.675	0.0	3.5	31.593000000000004
14.027999999999999	4	76.0	-429981997	108.24	5.3	0.0	31000	61500	39	0.675	0.0	0.0	49	0.0	0.0	525	0	0.0	0.0	1166699.675	0.0	3.5	35.729
28.226999999999997	4	76.0	-429981997	108.24	5.3	0.0	31000	61500	39	0.675	0.0	0.0	49	0.0	0.0	525	0	0.0	0.0	1166699.675	0.0	3.5	37.851
46.026	4	76.0	-429981997	108.24	5.3	0.0	31000	61500	39	0.675	0.0	0.0	49	0.0	0.0	525	0	0.0	0.0	1166699.675	0.0	3.5	35.073
54.297	4	76.0	-429981997	108.24	5.3	0.0	31000	61500	39	0.675	0.0	0.0	49	0.0	0.0	525	0	0.0	0.0	1166699.675	0.0	3.5	40.034
63.175	4	76.0	-429981997	108.24	5.3	0.0	31000	61500	39	0.675	0.0	0.0	49	0.0	0.0	525	0	0.0	0.0	1166699.675	0.0	3.5	80.243
84.33200000000001	4	76.0	-429981997	108.24	5.3	0.0	31000	61500	39	0.675	0.0	0.0	49	0.0	0.0	525	0	0.0	0.0	1166699.675	0.0	3.5	78.712
0.0	4	77.0	-429981997	68.0	5.3	0.0	31000	46000	39	0.525	0.0	0.0	49	0.0	0.0	525	0	0.0	0.0	1166699.675	0.0	3.5	0.0
1.136	4	77.0	-429981997	68.0	5.3	0.0	31000	46000	39	0.525	0.0	0.0	49	0.0	0.0	525	0	0.0	0.0	1166699.675	0.0	3.5	39.669000000000004
7.122999999999999	4	77.0	-429981997	68.0	5.3	0.0	31000	46000	39	0.525	0.0	0.0	49	0.0	0.0	525	0	0.0	0.0	1166699.675	0.0	3.5	59.917
14.085	4	77.0	-429981997	68.0	5.3	0.0	31000	46000	39	0.525	0.0	0.0	49	0.0	0.0	525	0	0.0	0.0	1166699.675	0.0	3.5	57.438
28.279	4	77.0	-429981997	68.0	5.3	0.0	31000	46000	39	0.525	0.0	0.0	49	0.0	0.0	525	0	0.0	0.0	1166699.675	0.0	3.5	57.851000000000006
46.073	4	77.0	-429981997	68.0	5.3	0.0	31000	46000	39	0.525	0.0	0.0	49	0.0	0.0	525	0	0.0	0.0	1166699.675	0.0	3.5	52.893
54.071999999999996	4	77.0	-429981997	68.0	5.3	0.0	31000	46000	39	0.525	0.0	0.0	49	0.0	0.0	525	0	0.0	0.0	1166699.675	0.0	3.5	52.479
63.424	4	77.0	-429981997	68.0	5.3	0.0	31000	46000	39	0.525	0.0	0.0	49	0.0	0.0	525	0	0.0	0.0	1166699.675	0.0	3.5	76.446
84.344	4	77.0	-429981997	68.0	5.3	0.0	31000	46000	39	0.525	0.0	0.0	49	0.0	0.0	525	0	0.0	0.0	1166699.675	0.0	3.5	83.05799999999999
0.0	4	69.0	-429981997	65.08	5.3	0.0	31000	46000	39	0.525	0.0	0.0	49	0.0	0.0	525	0	0.0	0.0	1166699.675	0.0	3.5	0.0
1.148	4	69.0	-429981997	65.08	5.3	0.0	31000	46000	39	0.525	0.0	0.0	49	0.0	0.0	525	0	0.0	0.0	1166699.675	0.0	3.5	44.628
7.1339999999999995	4	69.0	-429981997	65.08	5.3	0.0	31000	46000	39	0.525	0.0	0.0	49	0.0	0.0	525	0	0.0	0.0	1166699.675	0.0	3.5	64.05
14.109000000000002	4	69.0	-429981997	65.08	5.3	0.0	31000	46000	39	0.525	0.0	0.0	49	0.0	0.0	525	0	0.0	0.0	1166699.675	0.0	3.5	66.942
28.293000000000003	4	69.0	-429981997	65.08	5.3	0.0	31000	46000	39	0.525	0.0	0.0	49	0.0	0.0	525	0	0.0	0.0	1166699.675	0.0	3.5	63.223
45.849	4	69.0	-429981997	65.08	5.3	0.0	31000	46000	39	0.525	0.0	0.0	49	0.0	0.0	525	0	0.0	0.0	1166699.675	0.0	3.5	66.116
54.11	4	69.0	-429981997	65.08	5.3	0.0	31000	46000	39	0.525	0.0	0.0	49	0.0	0.0	525	0	0.0	0.0	1166699.675	0.0	3.5	67.355
63.178999999999995	4	69.0	-429981997	65.08	5.3	0.0	31000	46000	39	0.525	0.0	0.0	49	0.0	0.0	525	0	0.0	0.0	1166699.675	0.0	3.5	81.405
84.641	4	69.0	-429981997	65.08	5.3	0.0	31000	46000	39	0.525	0.0	0.0	49	0.0	0.0	525	0	0.0	0.0	1166699.675	0.0	3.5	97.934
0.0	4	76.0	-429981997	90.86	5.3	0.0	31000	61500	39	0.675	0.0	0.0	49	0.0	0.0	525	0	0.0	0.0	1166699.675	0.0	3.5	0.0
0.812	4	76.0	-429981997	90.86	5.3	0.0	31000	61500	39	0.675	0.0	0.0	49	0.0	0.0	525	0	0.0	0.0	1166699.675	0.0	3.5	14.76
7.064	4	76.0	-429981997	90.86	5.3	0.0	31000	61500	39	0.675	0.0	0.0	49	0.0	0.0	525	0	0.0	0.0	1166699.675	0.0	3.5	37.333
14.3	4	76.0	-429981997	90.86	5.3	0.0	31000	61500	39	0.675	0.0	0.0	49	0.0	0.0	525	0	0.0	0.0	1166699.675	0.0	3.5	41.058
28.000999999999998	4	76.0	-429981997	90.86	5.3	0.0	31000	61500	39	0.675	0.0	0.0	49	0.0	0.0	525	0	0.0	0.0	1166699.675	0.0	3.5	50.555
46.315	4	76.0	-429981997	90.86	5.3	0.0	31000	61500	39	0.675	0.0	0.0	49	0.0	0.0	525	0	0.0	0.0	1166699.675	0.0	3.5	46.96
54.07899999999999	4	76.0	-429981997	90.86	5.3	0.0	31000	61500	39	0.675	0.0	0.0	49	0.0	0.0	525	0	0.0	0.0	1166699.675	0.0	3.5	55.606
63.201	4	76.0	-429981997	90.86	5.3	0.0	31000	61500	39	0.675	0.0	0.0	49	0.0	0.0	525	0	0.0	0.0	1166699.675	0.0	3.5	90.48899999999999
84.355	4	76.0	-429981997	90.86	5.3	0.0	31000	61500	39	0.675	0.0	0.0	49	0.0	0.0	525	0	0.0	0.0	1166699.675	0.0	3.5	87.729
0.0	4	81.0	-429981997	89.01	5.3	0.0	31000	61500	39	0.675	0.0	0.0	49	0.0	0.0	525	0	0.0	0.0	1166699.675	0.0	3.5	0.0
0.8109999999999999	4	81.0	-429981997	89.01	5.3	0.0	31000	61500	39	0.675	0.0	0.0	49	0.0	0.0	525	0	0.0	0.0	1166699.675	0.0	3.5	14.35
7.074	4	81.0	-429981997	89.01	5.3	0.0	31000	61500	39	0.675	0.0	0.0	49	0.0	0.0	525	0	0.0	0.0	1166699.675	0.0	3.5	41.021
14.044	4	81.0	-429981997	89.01	5.3	0.0	31000	61500	39	0.675	0.0	0.0	49	0.0	0.0	525	0	0.0	0.0	1166699.675	0.0	3.5	41.876999999999995
28.254	4	81.0	-429981997	89.01	5.3	0.0	31000	61500	39	0.675	0.0	0.0	49	0.0	0.0	525	0	0.0	0.0	1166699.675	0.0	3.5	48.507
46.318000000000005	4	81.0	-429981997	89.01	5.3	0.0	31000	61500	39	0.675	0.0	0.0	49	0.0	0.0	525	0	0.0	0.0	1166699.675	0.0	3.5	48.18899999999999
54.333999999999996	4	81.0	-429981997	89.01	5.3	0.0	31000	61500	39	0.675	0.0	0.0	49	0.0	0.0	525	0	0.0	0.0	1166699.675	0.0	3.5	54.378
63.195	4	81.0	-429981997	89.01	5.3	0.0	31000	61500	39	0.675	0.0	0.0	49	0.0	0.0	525	0	0.0	0.0	1166699.675	0.0	3.5	88.03
84.348	4	81.0	-429981997	89.01	5.3	0.0	31000	61500	39	0.675	0.0	0.0	49	0.0	0.0	525	0	0.0	0.0	1166699.675	0.0	3.5	84.86
0.868	1	70.8	1012936979	0.42	4.54	1.0	30000	46000	22	0.525	0.0	0.0	33	0.0	0.0	312	0	0.0	0.0	16318.4	0.0	2.0	18.394000000000002
3.818	1	70.8	1012936979	0.42	4.54	1.0	30000	46000	22	0.525	0.0	0.0	33	0.0	0.0	312	0	0.0	0.0	16318.4	0.0	2.0	18.394000000000002
6.941	1	70.8	1012936979	0.42	4.54	1.0	30000	46000	22	0.525	0.0	0.0	33	0.0	0.0	312	0	0.0	0.0	16318.4	0.0	2.0	22.073
11.8	1	70.8	1012936979	0.42	4.54	1.0	30000	46000	22	0.525	0.0	0.0	33	0.0	0.0	312	0	0.0	0.0	16318.4	0.0	2.0	25.752
16.833	1	70.8	1012936979	0.42	4.54	1.0	30000	46000	22	0.525	0.0	0.0	33	0.0	0.0	312	0	0.0	0.0	16318.4	0.0	2.0	33.109
22.733	1	70.8	1012936979	0.42	4.54	1.0	30000	46000	22	0.525	0.0	0.0	33	0.0	0.0	312	0	0.0	0.0	16318.4	0.0	2.0	36.788000000000004
27.939	1	70.8	1012936979	0.42	4.54	1.0	30000	46000	22	0.525	0.0	0.0	33	0.0	0.0	312	0	0.0	0.0	16318.4	0.0	2.0	40.467
31.930999999999997	1	70.8	1012936979	0.42	4.54	1.0	30000	46000	22	0.525	0.0	0.0	33	0.0	0.0	312	0	0.0	0.0	16318.4	0.0	2.0	47.824
36.79	1	70.8	1012936979	0.42	4.54	1.0	30000	46000	22	0.525	0.0	0.0	33	0.0	0.0	312	0	0.0	0.0	16318.4	0.0	2.0	55.181999999999995
42.863	1	70.8	1012936979	0.42	4.54	1.0	30000	46000	22	0.525	0.0	0.0	33	0.0	0.0	312	0	0.0	0.0	16318.4	0.0	2.0	58.861000000000004
46.855	1	70.8	1012936979	0.42	4.54	1.0	30000	46000	22	0.525	0.0	0.0	33	0.0	0.0	312	0	0.0	0.0	16318.4	0.0	2.0	62.538999999999994
50.846000000000004	1	70.8	1012936979	0.42	4.54	1.0	30000	46000	22	0.525	0.0	0.0	33	0.0	0.0	312	0	0.0	0.0	16318.4	0.0	2.0	66.218
55.879	1	70.8	1012936979	0.42	4.54	1.0	30000	46000	22	0.525	0.0	0.0	33	0.0	0.0	312	0	0.0	0.0	16318.4	0.0	2.0	66.218
59.87	1	70.8	1012936979	0.42	4.54	1.0	30000	46000	22	0.525	0.0	0.0	33	0.0	0.0	312	0	0.0	0.0	16318.4	0.0	2.0	66.218
64.902	1	70.8	1012936979	0.42	4.54	1.0	30000	46000	22	0.525	0.0	0.0	33	0.0	0.0	312	0	0.0	0.0	16318.4	0.0	2.0	66.218
69.935	1	70.8	1012936979	0.42	4.54	1.0	30000	46000	22	0.525	0.0	0.0	33	0.0	0.0	312	0	0.0	0.0	16318.4	0.0	2.0	66.218
0.0	1	29.7	1012936979	0.45	4.54	1.0	30000	46000	22	0.525	0.0	0.0	33	0.0	0.0	312	0	0.0	0.0	16318.4	0.0	2.0	0.0
0.34700000000000003	1	29.7	1012936979	0.45	4.54	1.0	30000	46000	22	0.525	0.0	0.0	33	0.0	0.0	312	0	0.0	0.0	16318.4	0.0	2.0	15.052
1.215	1	29.7	1012936979	0.45	4.54	1.0	30000	46000	22	0.525	0.0	0.0	33	0.0	0.0	312	0	0.0	0.0	16318.4	0.0	2.0	27.448
3.818	1	29.7	1012936979	0.45	4.54	1.0	30000	46000	22	0.525	0.0	0.0	33	0.0	0.0	312	0	0.0	0.0	16318.4	0.0	2.0	30.104
6.941	1	29.7	1012936979	0.45	4.54	1.0	30000	46000	22	0.525	0.0	0.0	33	0.0	0.0	312	0	0.0	0.0	16318.4	0.0	2.0	33.645
11.974	1	29.7	1012936979	0.45	4.54	1.0	30000	46000	22	0.525	0.0	0.0	33	0.0	0.0	312	0	0.0	0.0	16318.4	0.0	2.0	32.76
16.833	1	29.7	1012936979	0.45	4.54	1.0	30000	46000	22	0.525	0.0	0.0	33	0.0	0.0	312	0	0.0	0.0	16318.4	0.0	2.0	44.27
22.906999999999996	1	29.7	1012936979	0.45	4.54	1.0	30000	46000	22	0.525	0.0	0.0	33	0.0	0.0	312	0	0.0	0.0	16318.4	0.0	2.0	57.551
28.113000000000003	1	29.7	1012936979	0.45	4.54	1.0	30000	46000	22	0.525	0.0	0.0	33	0.0	0.0	312	0	0.0	0.0	16318.4	0.0	2.0	64.634
31.756999999999998	1	29.7	1012936979	0.45	4.54	1.0	30000	46000	22	0.525	0.0	0.0	33	0.0	0.0	312	0	0.0	0.0	16318.4	0.0	2.0	71.718
36.79	1	29.7	1012936979	0.45	4.54	1.0	30000	46000	22	0.525	0.0	0.0	33	0.0	0.0	312	0	0.0	0.0	16318.4	0.0	2.0	77.03
43.037	1	29.7	1012936979	0.45	4.54	1.0	30000	46000	22	0.525	0.0	0.0	33	0.0	0.0	312	0	0.0	0.0	16318.4	0.0	2.0	83.228
47.028	1	29.7	1012936979	0.45	4.54	1.0	30000	46000	22	0.525	0.0	0.0	33	0.0	0.0	312	0	0.0	0.0	16318.4	0.0	2.0	85.884
51.02	1	29.7	1012936979	0.45	4.54	1.0	30000	46000	22	0.525	0.0	0.0	33	0.0	0.0	312	0	0.0	0.0	16318.4	0.0	2.0	88.54
56.052	1	29.7	1012936979	0.45	4.54	1.0	30000	46000	22	0.525	0.0	0.0	33	0.0	0.0	312	0	0.0	0.0	16318.4	0.0	2.0	91.197
59.87	1	29.7	1012936979	0.45	4.54	1.0	30000	46000	22	0.525	0.0	0.0	33	0.0	0.0	312	0	0.0	0.0	16318.4	0.0	2.0	96.509
64.902	1	29.7	1012936979	0.45	4.54	1.0	30000	46000	22	0.525	0.0	0.0	33	0.0	0.0	312	0	0.0	0.0	16318.4	0.0	2.0	100.051
69.935	1	29.7	1012936979	0.45	4.54	1.0	30000	46000	22	0.525	0.0	0.0	33	0.0	0.0	312	0	0.0	0.0	16318.4	0.0	2.0	93.853
0.0	1	27.3	1012936979	0.67	4.54	1.0	30000	46000	22	0.525	0.0	0.0	33	0.0	0.0	312	0	0.0	0.0	16318.4	0.0	2.0	0.0
0.34700000000000003	1	27.3	1012936979	0.67	4.54	1.0	30000	46000	22	0.525	0.0	0.0	33	0.0	0.0	312	0	0.0	0.0	16318.4	0.0	2.0	22.046
1.041	1	27.3	1012936979	0.67	4.54	1.0	30000	46000	22	0.525	0.0	0.0	33	0.0	0.0	312	0	0.0	0.0	16318.4	0.0	2.0	41.216
3.991	1	27.3	1012936979	0.67	4.54	1.0	30000	46000	22	0.525	0.0	0.0	33	0.0	0.0	312	0	0.0	0.0	16318.4	0.0	2.0	57.031000000000006
6.941	1	27.3	1012936979	0.67	4.54	1.0	30000	46000	22	0.525	0.0	0.0	33	0.0	0.0	312	0	0.0	0.0	16318.4	0.0	2.0	63.74100000000001
11.974	1	27.3	1012936979	0.67	4.54	1.0	30000	46000	22	0.525	0.0	0.0	33	0.0	0.0	312	0	0.0	0.0	16318.4	0.0	2.0	68.533
17.007	1	27.3	1012936979	0.67	4.54	1.0	30000	46000	22	0.525	0.0	0.0	33	0.0	0.0	312	0	0.0	0.0	16318.4	0.0	2.0	77.639
23.08	1	27.3	1012936979	0.67	4.54	1.0	30000	46000	22	0.525	0.0	0.0	33	0.0	0.0	312	0	0.0	0.0	16318.4	0.0	2.0	80.994
28.113000000000003	1	27.3	1012936979	0.67	4.54	1.0	30000	46000	22	0.525	0.0	0.0	33	0.0	0.0	312	0	0.0	0.0	16318.4	0.0	2.0	86.745
31.930999999999997	1	27.3	1012936979	0.67	4.54	1.0	30000	46000	22	0.525	0.0	0.0	33	0.0	0.0	312	0	0.0	0.0	16318.4	0.0	2.0	89.62100000000001
36.963	1	27.3	1012936979	0.67	4.54	1.0	30000	46000	22	0.525	0.0	0.0	33	0.0	0.0	312	0	0.0	0.0	16318.4	0.0	2.0	92.01700000000001
42.863	1	27.3	1012936979	0.67	4.54	1.0	30000	46000	22	0.525	0.0	0.0	33	0.0	0.0	312	0	0.0	0.0	16318.4	0.0	2.0	93.455
47.028	1	27.3	1012936979	0.67	4.54	1.0	30000	46000	22	0.525	0.0	0.0	33	0.0	0.0	312	0	0.0	0.0	16318.4	0.0	2.0	98.24700000000001
50.846000000000004	1	27.3	1012936979	0.67	4.54	1.0	30000	46000	22	0.525	0.0	0.0	33	0.0	0.0	312	0	0.0	0.0	16318.4	0.0	2.0	100.164
56.052	1	27.3	1012936979	0.67	4.54	1.0	30000	46000	22	0.525	0.0	0.0	33	0.0	0.0	312	0	0.0	0.0	16318.4	0.0	2.0	100.164
60.043	1	27.3	1012936979	0.67	4.54	1.0	30000	46000	22	0.525	0.0	0.0	33	0.0	0.0	312	0	0.0	0.0	16318.4	0.0	2.0	100.64399999999999
65.07600000000001	1	27.3	1012936979	0.67	4.54	1.0	30000	46000	22	0.525	0.0	0.0	33	0.0	0.0	312	0	0.0	0.0	16318.4	0.0	2.0	100.64399999999999
69.935	1	27.3	1012936979	0.67	4.54	1.0	30000	46000	22	0.525	0.0	0.0	33	0.0	0.0	312	0	0.0	0.0	16318.4	0.0	2.0	100.164
0.0	1	80.0	1012936979	3.44	4.54	1.0	30000	46000	22	0.525	0.0	0.0	33	0.0	0.0	312	0	0.0	0.0	16318.4	0.0	2.0	0.0
0.983	1	80.0	1012936979	3.44	4.54	1.0	30000	46000	22	0.525	0.0	0.0	33	0.0	0.0	312	0	0.0	0.0	16318.4	0.0	2.0	18.187
4.914	1	80.0	1012936979	3.44	4.54	1.0	30000	46000	22	0.525	0.0	0.0	33	0.0	0.0	312	0	0.0	0.0	16318.4	0.0	2.0	16.0
9.042	1	80.0	1012936979	3.44	4.54	1.0	30000	46000	22	0.525	0.0	0.0	33	0.0	0.0	312	0	0.0	0.0	16318.4	0.0	2.0	23.340999999999998
13.956	1	80.0	1012936979	3.44	4.54	1.0	30000	46000	22	0.525	0.0	0.0	33	0.0	0.0	312	0	0.0	0.0	16318.4	0.0	2.0	27.213
18.87	1	80.0	1012936979	3.44	4.54	1.0	30000	46000	22	0.525	0.0	0.0	33	0.0	0.0	312	0	0.0	0.0	16318.4	0.0	2.0	26.753
25.945999999999998	1	80.0	1012936979	3.44	4.54	1.0	30000	46000	22	0.525	0.0	0.0	33	0.0	0.0	312	0	0.0	0.0	16318.4	0.0	2.0	47.507
32.826	1	80.0	1012936979	3.44	4.54	1.0	30000	46000	22	0.525	0.0	0.0	33	0.0	0.0	312	0	0.0	0.0	16318.4	0.0	2.0	60.898
40.098	1	80.0	1012936979	3.44	4.54	1.0	30000	46000	22	0.525	0.0	0.0	33	0.0	0.0	312	0	0.0	0.0	16318.4	0.0	2.0	63.458
45.012	1	80.0	1012936979	3.44	4.54	1.0	30000	46000	22	0.525	0.0	0.0	33	0.0	0.0	312	0	0.0	0.0	16318.4	0.0	2.0	63.864
49.926	1	80.0	1012936979	3.44	4.54	1.0	30000	46000	22	0.525	0.0	0.0	33	0.0	0.0	312	0	0.0	0.0	16318.4	0.0	2.0	63.838
59.951	1	80.0	1012936979	3.44	4.54	1.0	30000	46000	22	0.525	0.0	0.0	33	0.0	0.0	312	0	0.0	0.0	16318.4	0.0	2.0	62.917
70.172	1	80.0	1012936979	3.44	4.54	1.0	30000	46000	22	0.525	0.0	0.0	33	0.0	0.0	312	0	0.0	0.0	16318.4	0.0	2.0	63.295
0.0	1	51.5	-239907213	0.74	4.7	1.0	30000	46000	41	0.525	0.0	0.0	50	0.0	0.0	503	0	0.0	0.0	4215634.48	0.0	2.0	0.0
4.89	1	51.5	-239907213	0.74	4.7	1.0	30000	46000	41	0.525	0.0	0.0	50	0.0	0.0	503	0	0.0	0.0	4215634.48	0.0	2.0	2.972
9.779	1	51.5	-239907213	0.74	4.7	1.0	30000	46000	41	0.525	0.0	0.0	50	0.0	0.0	503	0	0.0	0.0	4215634.48	0.0	2.0	4.437
14.809000000000001	1	51.5	-239907213	0.74	4.7	1.0	30000	46000	41	0.525	0.0	0.0	50	0.0	0.0	503	0	0.0	0.0	4215634.48	0.0	2.0	11.424000000000001
19.988	1	51.5	-239907213	0.74	4.7	1.0	30000	46000	41	0.525	0.0	0.0	50	0.0	0.0	503	0	0.0	0.0	4215634.48	0.0	2.0	29.456
25.023000000000003	1	51.5	-239907213	0.74	4.7	1.0	30000	46000	41	0.525	0.0	0.0	50	0.0	0.0	503	0	0.0	0.0	4215634.48	0.0	2.0	39.958
30.061999999999998	1	51.5	-239907213	0.74	4.7	1.0	30000	46000	41	0.525	0.0	0.0	50	0.0	0.0	503	0	0.0	0.0	4215634.48	0.0	2.0	54.979
34.836	1	51.5	-239907213	0.74	4.7	1.0	30000	46000	41	0.525	0.0	0.0	50	0.0	0.0	503	0	0.0	0.0	4215634.48	0.0	2.0	75.02199999999999
40.006	1	51.5	-239907213	0.74	4.7	1.0	30000	46000	41	0.525	0.0	0.0	50	0.0	0.0	503	0	0.0	0.0	4215634.48	0.0	2.0	85.021
45.038999999999994	1	51.5	-239907213	0.74	4.7	1.0	30000	46000	41	0.525	0.0	0.0	50	0.0	0.0	503	0	0.0	0.0	4215634.48	0.0	2.0	94.51899999999999
0.336	1	75.05	1946040	1.22	5.28	0.0	50000	31000	0	0.38	0.0	0.0	2	0.0	0.0	27	0	0.0	0.0	4900.58	0.0	4.0	35.119
1.0759999999999998	1	75.05	1946040	1.22	5.28	0.0	50000	31000	0	0.38	0.0	0.0	2	0.0	0.0	27	0	0.0	0.0	4900.58	0.0	4.0	37.139
3.778	1	75.05	1946040	1.22	5.28	0.0	50000	31000	0	0.38	0.0	0.0	2	0.0	0.0	27	0	0.0	0.0	4900.58	0.0	4.0	39.406
11.38	1	75.05	1946040	1.22	5.28	0.0	50000	31000	0	0.38	0.0	0.0	2	0.0	0.0	27	0	0.0	0.0	4900.58	0.0	4.0	40.903
21.435	1	75.05	1946040	1.22	5.28	0.0	50000	31000	0	0.38	0.0	0.0	2	0.0	0.0	27	0	0.0	0.0	4900.58	0.0	4.0	43.151
28.305	1	75.05	1946040	1.22	5.28	0.0	50000	31000	0	0.38	0.0	0.0	2	0.0	0.0	27	0	0.0	0.0	4900.58	0.0	4.0	46.166000000000004
35.178000000000004	1	75.05	1946040	1.22	5.28	0.0	50000	31000	0	0.38	0.0	0.0	2	0.0	0.0	27	0	0.0	0.0	4900.58	0.0	4.0	49.938
42.056000000000004	1	75.05	1946040	1.22	5.28	0.0	50000	31000	0	0.38	0.0	0.0	2	0.0	0.0	27	0	0.0	0.0	4900.58	0.0	4.0	55.732
49.18600000000001	1	75.05	1946040	1.22	5.28	0.0	50000	31000	0	0.38	0.0	0.0	2	0.0	0.0	27	0	0.0	0.0	4900.58	0.0	4.0	64.557
55.825	1	75.05	1946040	1.22	5.28	0.0	50000	31000	0	0.38	0.0	0.0	2	0.0	0.0	27	0	0.0	0.0	4900.58	0.0	4.0	72.626
70.307	1	75.05	1946040	1.22	5.28	0.0	50000	31000	0	0.38	0.0	0.0	2	0.0	0.0	27	0	0.0	0.0	4900.58	0.0	4.0	80.92699999999999
77.42	1	75.05	1946040	1.22	5.28	0.0	50000	31000	0	0.38	0.0	0.0	2	0.0	0.0	27	0	0.0	0.0	4900.58	0.0	4.0	83.18299999999999
0.0	3	99.4	63697313	5.0	5.33	0.0	0	10000	6	0.18	0.0	0.0	7	0.0	0.0	149	0	0.0	0.0	1129.56	0.0	1.0	0.0
0.9059999999999999	3	99.4	63697313	5.0	5.33	0.0	0	10000	6	0.18	0.0	0.0	7	0.0	0.0	149	0	0.0	0.0	1129.56	0.0	1.0	6.986000000000001
1.8030000000000002	3	99.4	63697313	5.0	5.33	0.0	0	10000	6	0.18	0.0	0.0	7	0.0	0.0	149	0	0.0	0.0	1129.56	0.0	1.0	8.219
3.96	3	99.4	63697313	5.0	5.33	0.0	0	10000	6	0.18	0.0	0.0	7	0.0	0.0	149	0	0.0	0.0	1129.56	0.0	1.0	14.384
7.92	3	99.4	63697313	5.0	5.33	0.0	0	10000	6	0.18	0.0	0.0	7	0.0	0.0	149	0	0.0	0.0	1129.56	0.0	1.0	28.355999999999998
10.077	3	99.4	63697313	5.0	5.33	0.0	0	10000	6	0.18	0.0	0.0	7	0.0	0.0	149	0	0.0	0.0	1129.56	0.0	1.0	34.521
14.02	3	99.4	63697313	5.0	5.33	0.0	0	10000	6	0.18	0.0	0.0	7	0.0	0.0	149	0	0.0	0.0	1129.56	0.0	1.0	37.397
17.975	3	99.4	63697313	5.0	5.33	0.0	0	10000	6	0.18	0.0	0.0	7	0.0	0.0	149	0	0.0	0.0	1129.56	0.0	1.0	48.082
22.458000000000002	3	99.4	63697313	5.0	5.33	0.0	0	10000	6	0.18	0.0	0.0	7	0.0	0.0	149	0	0.0	0.0	1129.56	0.0	1.0	53.013999999999996
26.230999999999998	3	99.4	63697313	5.0	5.33	0.0	0	10000	6	0.18	0.0	0.0	7	0.0	0.0	149	0	0.0	0.0	1129.56	0.0	1.0	62.466
29.819000000000003	3	99.4	63697313	5.0	5.33	0.0	0	10000	6	0.18	0.0	0.0	7	0.0	0.0	149	0	0.0	0.0	1129.56	0.0	1.0	67.39699999999999
34.123000000000005	3	99.4	63697313	5.0	5.33	0.0	0	10000	6	0.18	0.0	0.0	7	0.0	0.0	149	0	0.0	0.0	1129.56	0.0	1.0	71.918
38.251999999999995	3	99.4	63697313	5.0	5.33	0.0	0	10000	6	0.18	0.0	0.0	7	0.0	0.0	149	0	0.0	0.0	1129.56	0.0	1.0	79.726
42.20399999999999	3	99.4	63697313	5.0	5.33	0.0	0	10000	6	0.18	0.0	0.0	7	0.0	0.0	149	0	0.0	0.0	1129.56	0.0	1.0	88.76700000000001
45.968999999999994	3	99.4	63697313	5.0	5.33	0.0	0	10000	6	0.18	0.0	0.0	7	0.0	0.0	149	0	0.0	0.0	1129.56	0.0	1.0	92.46600000000001
49.911	3	99.4	63697313	5.0	5.33	0.0	0	10000	6	0.18	0.0	0.0	7	0.0	0.0	149	0	0.0	0.0	1129.56	0.0	1.0	94.521
58.153999999999996	3	99.4	63697313	5.0	5.33	0.0	0	10000	6	0.18	0.0	0.0	7	0.0	0.0	149	0	0.0	0.0	1129.56	0.0	1.0	99.863
0.0	3	90.5	63697313	5.0	5.33	0.0	0	25000	6	0.3	0.0	0.0	7	0.0	0.0	149	0	0.0	0.0	1129.56	0.0	1.0	0.0
1.807	3	90.5	63697313	5.0	5.33	0.0	0	25000	6	0.3	0.0	0.0	7	0.0	0.0	149	0	0.0	0.0	1129.56	0.0	1.0	11.095999999999998
3.966	3	90.5	63697313	5.0	5.33	0.0	0	25000	6	0.3	0.0	0.0	7	0.0	0.0	149	0	0.0	0.0	1129.56	0.0	1.0	18.082
5.938	3	90.5	63697313	5.0	5.33	0.0	0	25000	6	0.3	0.0	0.0	7	0.0	0.0	149	0	0.0	0.0	1129.56	0.0	1.0	20.137
7.916	3	90.5	63697313	5.0	5.33	0.0	0	25000	6	0.3	0.0	0.0	7	0.0	0.0	149	0	0.0	0.0	1129.56	0.0	1.0	26.301
10.072000000000001	3	90.5	63697313	5.0	5.33	0.0	0	25000	6	0.3	0.0	0.0	7	0.0	0.0	149	0	0.0	0.0	1129.56	0.0	1.0	30.822
14.026	3	90.5	63697313	5.0	5.33	0.0	0	25000	6	0.3	0.0	0.0	7	0.0	0.0	149	0	0.0	0.0	1129.56	0.0	1.0	41.507
17.792	3	90.5	63697313	5.0	5.33	0.0	0	25000	6	0.3	0.0	0.0	7	0.0	0.0	149	0	0.0	0.0	1129.56	0.0	1.0	46.027
22.287	3	90.5	63697313	5.0	5.33	0.0	0	25000	6	0.3	0.0	0.0	7	0.0	0.0	149	0	0.0	0.0	1129.56	0.0	1.0	58.766999999999996
26.42	3	90.5	63697313	5.0	5.33	0.0	0	25000	6	0.3	0.0	0.0	7	0.0	0.0	149	0	0.0	0.0	1129.56	0.0	1.0	68.63
30.194000000000003	3	90.5	63697313	5.0	5.33	0.0	0	25000	6	0.3	0.0	0.0	7	0.0	0.0	149	0	0.0	0.0	1129.56	0.0	1.0	78.493
33.961	3	90.5	63697313	5.0	5.33	0.0	0	25000	6	0.3	0.0	0.0	7	0.0	0.0	149	0	0.0	0.0	1129.56	0.0	1.0	83.425
42.032	3	90.5	63697313	5.0	5.33	0.0	0	25000	6	0.3	0.0	0.0	7	0.0	0.0	149	0	0.0	0.0	1129.56	0.0	1.0	93.288
46.338	3	90.5	63697313	5.0	5.33	0.0	0	25000	6	0.3	0.0	0.0	7	0.0	0.0	149	0	0.0	0.0	1129.56	0.0	1.0	99.45200000000001
50.097	3	90.5	63697313	5.0	5.33	0.0	0	25000	6	0.3	0.0	0.0	7	0.0	0.0	149	0	0.0	0.0	1129.56	0.0	1.0	99.45200000000001
58.153	3	90.5	63697313	5.0	5.33	0.0	0	25000	6	0.3	0.0	0.0	7	0.0	0.0	149	0	0.0	0.0	1129.56	0.0	1.0	99.45200000000001
0.0	3	100.0	63697313	5.0	5.33	0.0	0	90000	6	0.855	0.0	0.0	7	0.0	0.0	149	0	0.0	0.0	1129.56	0.0	1.0	0.0
1.082	3	100.0	63697313	5.0	5.33	0.0	0	90000	6	0.855	0.0	0.0	7	0.0	0.0	149	0	0.0	0.0	1129.56	0.0	1.0	5.3420000000000005
1.98	3	100.0	63697313	5.0	5.33	0.0	0	90000	6	0.855	0.0	0.0	7	0.0	0.0	149	0	0.0	0.0	1129.56	0.0	1.0	6.986000000000001
3.963	3	100.0	63697313	5.0	5.33	0.0	0	90000	6	0.855	0.0	0.0	7	0.0	0.0	149	0	0.0	0.0	1129.56	0.0	1.0	16.027
5.95	3	100.0	63697313	5.0	5.33	0.0	0	90000	6	0.855	0.0	0.0	7	0.0	0.0	149	0	0.0	0.0	1129.56	0.0	1.0	28.355999999999998
7.747000000000001	3	100.0	63697313	5.0	5.33	0.0	0	90000	6	0.855	0.0	0.0	7	0.0	0.0	149	0	0.0	0.0	1129.56	0.0	1.0	32.876999999999995
9.907	3	100.0	63697313	5.0	5.33	0.0	0	90000	6	0.855	0.0	0.0	7	0.0	0.0	149	0	0.0	0.0	1129.56	0.0	1.0	40.274
13.875	3	100.0	63697313	5.0	5.33	0.0	0	90000	6	0.855	0.0	0.0	7	0.0	0.0	149	0	0.0	0.0	1129.56	0.0	1.0	60.411
18.180999999999997	3	100.0	63697313	5.0	5.33	0.0	0	90000	6	0.855	0.0	0.0	7	0.0	0.0	149	0	0.0	0.0	1129.56	0.0	1.0	66.164
22.125	3	100.0	63697313	5.0	5.33	0.0	0	90000	6	0.855	0.0	0.0	7	0.0	0.0	149	0	0.0	0.0	1129.56	0.0	1.0	70.274
26.255	3	100.0	63697313	5.0	5.33	0.0	0	90000	6	0.855	0.0	0.0	7	0.0	0.0	149	0	0.0	0.0	1129.56	0.0	1.0	78.082
30.198	3	100.0	63697313	5.0	5.33	0.0	0	90000	6	0.855	0.0	0.0	7	0.0	0.0	149	0	0.0	0.0	1129.56	0.0	1.0	81.37
34.143	3	100.0	63697313	5.0	5.33	0.0	0	90000	6	0.855	0.0	0.0	7	0.0	0.0	149	0	0.0	0.0	1129.56	0.0	1.0	85.479
38.265	3	100.0	63697313	5.0	5.33	0.0	0	90000	6	0.855	0.0	0.0	7	0.0	0.0	149	0	0.0	0.0	1129.56	0.0	1.0	88.76700000000001
42.216	3	100.0	63697313	5.0	5.33	0.0	0	90000	6	0.855	0.0	0.0	7	0.0	0.0	149	0	0.0	0.0	1129.56	0.0	1.0	96.575
46.161	3	100.0	63697313	5.0	5.33	0.0	0	90000	6	0.855	0.0	0.0	7	0.0	0.0	149	0	0.0	0.0	1129.56	0.0	1.0	100.0
50.278999999999996	3	100.0	63697313	5.0	5.33	0.0	0	90000	6	0.855	0.0	0.0	7	0.0	0.0	149	0	0.0	0.0	1129.56	0.0	1.0	100.0
58.157	3	100.0	63697313	5.0	5.33	0.0	0	90000	6	0.855	0.0	0.0	7	0.0	0.0	149	0	0.0	0.0	1129.56	0.0	1.0	100.0
0.0	2	85.3	899761443	63.0	4.8	0.0	40500	23000	5	0.25	0.0	0.0	11	0.0	0.0	125	0	0.05	0.0	29156.8	0.0	2.5	0.0
0.862	2	85.3	899761443	63.0	4.8	0.0	40500	23000	5	0.25	0.0	0.0	11	0.0	0.0	125	0	0.05	0.0	29156.8	0.0	2.5	17.230999999999998
3.017	2	85.3	899761443	63.0	4.8	0.0	40500	23000	5	0.25	0.0	0.0	11	0.0	0.0	125	0	0.05	0.0	29156.8	0.0	2.5	32.0
4.848	2	85.3	899761443	63.0	4.8	0.0	40500	23000	5	0.25	0.0	0.0	11	0.0	0.0	125	0	0.05	0.0	29156.8	0.0	2.5	43.077
7.002999999999999	2	85.3	899761443	63.0	4.8	0.0	40500	23000	5	0.25	0.0	0.0	11	0.0	0.0	125	0	0.05	0.0	29156.8	0.0	2.5	45.538000000000004
8.943	2	85.3	899761443	63.0	4.8	0.0	40500	23000	5	0.25	0.0	0.0	11	0.0	0.0	125	0	0.05	0.0	29156.8	0.0	2.5	53.538000000000004
10.882	2	85.3	899761443	63.0	4.8	0.0	40500	23000	5	0.25	0.0	0.0	11	0.0	0.0	125	0	0.05	0.0	29156.8	0.0	2.5	56.615
13.037	2	85.3	899761443	63.0	4.8	0.0	40500	23000	5	0.25	0.0	0.0	11	0.0	0.0	125	0	0.05	0.0	29156.8	0.0	2.5	59.692
15.192	2	85.3	899761443	63.0	4.8	0.0	40500	23000	5	0.25	0.0	0.0	11	0.0	0.0	125	0	0.05	0.0	29156.8	0.0	2.5	65.846
16.916	2	85.3	899761443	63.0	4.8	0.0	40500	23000	5	0.25	0.0	0.0	11	0.0	0.0	125	0	0.05	0.0	29156.8	0.0	2.5	69.538
18.963	2	85.3	899761443	63.0	4.8	0.0	40500	23000	5	0.25	0.0	0.0	11	0.0	0.0	125	0	0.05	0.0	29156.8	0.0	2.5	73.846
21.01	2	85.3	899761443	63.0	4.8	0.0	40500	23000	5	0.25	0.0	0.0	11	0.0	0.0	125	0	0.05	0.0	29156.8	0.0	2.5	79.385
22.949	2	85.3	899761443	63.0	4.8	0.0	40500	23000	5	0.25	0.0	0.0	11	0.0	0.0	125	0	0.05	0.0	29156.8	0.0	2.5	81.846
24.997	2	85.3	899761443	63.0	4.8	0.0	40500	23000	5	0.25	0.0	0.0	11	0.0	0.0	125	0	0.05	0.0	29156.8	0.0	2.5	83.69200000000001
26.936	2	85.3	899761443	63.0	4.8	0.0	40500	23000	5	0.25	0.0	0.0	11	0.0	0.0	125	0	0.05	0.0	29156.8	0.0	2.5	84.92299999999999
29.090999999999998	2	85.3	899761443	63.0	4.8	0.0	40500	23000	5	0.25	0.0	0.0	11	0.0	0.0	125	0	0.05	0.0	29156.8	0.0	2.5	86.76899999999999
31.03	2	85.3	899761443	63.0	4.8	0.0	40500	23000	5	0.25	0.0	0.0	11	0.0	0.0	125	0	0.05	0.0	29156.8	0.0	2.5	88.0
0.21100000000000002	1	40.3	-593140135	200.0	4.67	0.0	50000	34000	15	0.38	0.0	0.0	12	0.0	0.0	171	0	0.0	0.0	76820.65	0.0	0.5	2.294
0.915	1	40.3	-593140135	200.0	4.67	0.0	50000	34000	15	0.38	0.0	0.0	12	0.0	0.0	171	0	0.0	0.0	76820.65	0.0	0.5	5.046
2.113	1	40.3	-593140135	200.0	4.67	0.0	50000	34000	15	0.38	0.0	0.0	12	0.0	0.0	171	0	0.0	0.0	76820.65	0.0	0.5	10.55
7.042000000000001	1	40.3	-593140135	200.0	4.67	0.0	50000	34000	15	0.38	0.0	0.0	12	0.0	0.0	171	0	0.0	0.0	76820.65	0.0	0.5	11.009
14.085	1	40.3	-593140135	200.0	4.67	0.0	50000	34000	15	0.38	0.0	0.0	12	0.0	0.0	171	0	0.0	0.0	76820.65	0.0	0.5	12.844000000000001
21.127	1	40.3	-593140135	200.0	4.67	0.0	50000	34000	15	0.38	0.0	0.0	12	0.0	0.0	171	0	0.0	0.0	76820.65	0.0	0.5	17.430999999999997
0.21100000000000002	1	21.4	-593140135	226.0	4.67	0.0	50000	34000	15	0.38	0.0	0.0	12	0.0	0.0	171	0	0.0	0.0	76820.65	0.0	0.5	10.092
0.986	1	21.4	-593140135	226.0	4.67	0.0	50000	34000	15	0.38	0.0	0.0	12	0.0	0.0	171	0	0.0	0.0	76820.65	0.0	0.5	15.138
2.042	1	21.4	-593140135	226.0	4.67	0.0	50000	34000	15	0.38	0.0	0.0	12	0.0	0.0	171	0	0.0	0.0	76820.65	0.0	0.5	20.183
6.972	1	21.4	-593140135	226.0	4.67	0.0	50000	34000	15	0.38	0.0	0.0	12	0.0	0.0	171	0	0.0	0.0	76820.65	0.0	0.5	29.358
14.085	1	21.4	-593140135	226.0	4.67	0.0	50000	34000	15	0.38	0.0	0.0	12	0.0	0.0	171	0	0.0	0.0	76820.65	0.0	0.5	46.788999999999994
0.282	1	15.2	-593140135	196.0	4.67	0.0	50000	12000	15	0.2	0.0	0.0	12	0.0	0.0	171	0	0.0	0.0	76820.65	0.0	0.5	16.055
0.35200000000000004	1	15.2	-593140135	196.0	4.67	0.0	50000	12000	15	0.2	0.0	0.0	12	0.0	0.0	171	0	0.0	0.0	76820.65	0.0	0.5	34.861999999999995
1.127	1	15.2	-593140135	196.0	4.67	0.0	50000	12000	15	0.2	0.0	0.0	12	0.0	0.0	171	0	0.0	0.0	76820.65	0.0	0.5	38.532
2.042	1	15.2	-593140135	196.0	4.67	0.0	50000	12000	15	0.2	0.0	0.0	12	0.0	0.0	171	0	0.0	0.0	76820.65	0.0	0.5	56.881
7.042000000000001	1	15.2	-593140135	196.0	4.67	0.0	50000	12000	15	0.2	0.0	0.0	12	0.0	0.0	171	0	0.0	0.0	76820.65	0.0	0.5	66.055
14.155	1	15.2	-593140135	196.0	4.67	0.0	50000	12000	15	0.2	0.0	0.0	12	0.0	0.0	171	0	0.0	0.0	76820.65	0.0	0.5	82.569
0.0	1	62.6	61404185	0.4	5.3	0.0	50000	20000	6	0.20800000000000002	0.0	0.0	7	0.0	0.0	149	0	0.0	0.0	1005.12	0.0	5.0	0.0
3.5389999999999997	1	62.6	61404185	0.4	5.3	0.0	50000	20000	6	0.20800000000000002	0.0	0.0	7	0.0	0.0	149	0	0.0	0.0	1005.12	0.0	5.0	85.086
15.265999999999998	1	62.6	61404185	0.4	5.3	0.0	50000	20000	6	0.20800000000000002	0.0	0.0	7	0.0	0.0	149	0	0.0	0.0	1005.12	0.0	5.0	91.323
45.416000000000004	1	62.6	61404185	0.4	5.3	0.0	50000	20000	6	0.20800000000000002	0.0	0.0	7	0.0	0.0	149	0	0.0	0.0	1005.12	0.0	5.0	93.969
105.412	1	62.6	61404185	0.4	5.3	0.0	50000	20000	6	0.20800000000000002	0.0	0.0	7	0.0	0.0	149	0	0.0	0.0	1005.12	0.0	5.0	95.34200000000001
0.051	1	59.0	61404185	26.2	5.3	0.0	205000	40500	6	0.53	40.0	-4.63	7	-5.09	-4.63	149	166551	0.07	-4.63	1005.12	11.94	2.5	28.511
0.256	1	59.0	61404185	26.2	5.3	0.0	205000	40500	6	0.53	40.0	-4.63	7	-5.09	-4.63	149	166551	0.07	-4.63	1005.12	11.94	2.5	45.106
1.0	1	59.0	61404185	26.2	5.3	0.0	205000	40500	6	0.53	40.0	-4.63	7	-5.09	-4.63	149	166551	0.07	-4.63	1005.12	11.94	2.5	78.298
3.9739999999999998	1	59.0	61404185	26.2	5.3	0.0	205000	40500	6	0.53	40.0	-4.63	7	-5.09	-4.63	149	166551	0.07	-4.63	1005.12	11.94	2.5	89.787
6.974	1	59.0	61404185	26.2	5.3	0.0	205000	40500	6	0.53	40.0	-4.63	7	-5.09	-4.63	149	166551	0.07	-4.63	1005.12	11.94	2.5	85.95700000000001
0.0	1	59.0	61404185	26.2	5.3	0.0	205000	40500	6	0.53	40.0	-4.63	7	-5.09	-4.63	149	166551	0.02	-4.63	1005.12	11.94	2.5	0.0
0.9740000000000001	1	59.0	61404185	26.2	5.3	0.0	205000	40500	6	0.53	40.0	-4.63	7	-5.09	-4.63	149	166551	0.02	-4.63	1005.12	11.94	2.5	63.403999999999996
3.9739999999999998	1	59.0	61404185	26.2	5.3	0.0	205000	40500	6	0.53	40.0	-4.63	7	-5.09	-4.63	149	166551	0.02	-4.63	1005.12	11.94	2.5	78.723
6.949	1	59.0	61404185	26.2	5.3	0.0	205000	40500	6	0.53	40.0	-4.63	7	-5.09	-4.63	149	166551	0.02	-4.63	1005.12	11.94	2.5	75.745
0.0	1	39.0	61404185	64.0	5.3	1.25	38000	16000	6	0.2	0.0	0.0	7	0.0	0.0	149	0	0.0	0.0	1005.12	0.0	5.0	0.0
1.097	1	39.0	61404185	64.0	5.3	1.25	38000	16000	6	0.2	0.0	0.0	7	0.0	0.0	149	0	0.0	0.0	1005.12	0.0	5.0	18.174
2.1180000000000003	1	39.0	61404185	64.0	5.3	1.25	38000	16000	6	0.2	0.0	0.0	7	0.0	0.0	149	0	0.0	0.0	1005.12	0.0	5.0	28.926
4.14	1	39.0	61404185	64.0	5.3	1.25	38000	16000	6	0.2	0.0	0.0	7	0.0	0.0	149	0	0.0	0.0	1005.12	0.0	5.0	32.098
6.024	1	39.0	61404185	64.0	5.3	1.25	38000	16000	6	0.2	0.0	0.0	7	0.0	0.0	149	0	0.0	0.0	1005.12	0.0	5.0	33.149
7.975	1	39.0	61404185	64.0	5.3	1.25	38000	16000	6	0.2	0.0	0.0	7	0.0	0.0	149	0	0.0	0.0	1005.12	0.0	5.0	33.442
10.062000000000001	1	39.0	61404185	64.0	5.3	1.25	38000	16000	6	0.2	0.0	0.0	7	0.0	0.0	149	0	0.0	0.0	1005.12	0.0	5.0	34.492
13.963	1	39.0	61404185	64.0	5.3	1.25	38000	16000	6	0.2	0.0	0.0	7	0.0	0.0	149	0	0.0	0.0	1005.12	0.0	5.0	34.927
17.936	1	39.0	61404185	64.0	5.3	1.25	38000	16000	6	0.2	0.0	0.0	7	0.0	0.0	149	0	0.0	0.0	1005.12	0.0	5.0	38.695
21.976999999999997	1	39.0	61404185	64.0	5.3	1.25	38000	16000	6	0.2	0.0	0.0	7	0.0	0.0	149	0	0.0	0.0	1005.12	0.0	5.0	42.917
25.951	1	39.0	61404185	64.0	5.3	1.25	38000	16000	6	0.2	0.0	0.0	7	0.0	0.0	149	0	0.0	0.0	1005.12	0.0	5.0	47.745
29.994	1	39.0	61404185	64.0	5.3	1.25	38000	16000	6	0.2	0.0	0.0	7	0.0	0.0	149	0	0.0	0.0	1005.12	0.0	5.0	53.937
0.0	1	94.6	140759740	0.395	4.0	0.0	93500	61500	10	0.675	1.0	-4.63	35	-5.09	-4.63	341	166551	0.0	-4.63	21044.93	11.94	3.0	0.0
1.194	1	94.6	140759740	0.395	4.0	0.0	93500	61500	10	0.675	1.0	-4.63	35	-5.09	-4.63	341	166551	0.0	-4.63	21044.93	11.94	3.0	25.246
2.3609999999999998	1	94.6	140759740	0.395	4.0	0.0	93500	61500	10	0.675	1.0	-4.63	35	-5.09	-4.63	341	166551	0.0	-4.63	21044.93	11.94	3.0	27.541
3.556	1	94.6	140759740	0.395	4.0	0.0	93500	61500	10	0.675	1.0	-4.63	35	-5.09	-4.63	341	166551	0.0	-4.63	21044.93	11.94	3.0	27.869
4.7219999999999995	1	94.6	140759740	0.395	4.0	0.0	93500	61500	10	0.675	1.0	-4.63	35	-5.09	-4.63	341	166551	0.0	-4.63	21044.93	11.94	3.0	32.131
5.917000000000001	1	94.6	140759740	0.395	4.0	0.0	93500	61500	10	0.675	1.0	-4.63	35	-5.09	-4.63	341	166551	0.0	-4.63	21044.93	11.94	3.0	36.393
7.082999999999999	1	94.6	140759740	0.395	4.0	0.0	93500	61500	10	0.675	1.0	-4.63	35	-5.09	-4.63	341	166551	0.0	-4.63	21044.93	11.94	3.0	38.689
8.277999999999999	1	94.6	140759740	0.395	4.0	0.0	93500	61500	10	0.675	1.0	-4.63	35	-5.09	-4.63	341	166551	0.0	-4.63	21044.93	11.94	3.0	39.672
9.443999999999999	1	94.6	140759740	0.395	4.0	0.0	93500	61500	10	0.675	1.0	-4.63	35	-5.09	-4.63	341	166551	0.0	-4.63	21044.93	11.94	3.0	40.656
0.0	1	92.2	140759740	0.429	4.0	0.0	93500	96000	10	0.855	1.0	-4.63	35	-5.09	-4.63	341	166551	0.0	-4.63	21044.93	11.94	3.0	0.0
1.167	1	92.2	140759740	0.429	4.0	0.0	93500	96000	10	0.855	1.0	-4.63	35	-5.09	-4.63	341	166551	0.0	-4.63	21044.93	11.94	3.0	30.82
2.3609999999999998	1	92.2	140759740	0.429	4.0	0.0	93500	96000	10	0.855	1.0	-4.63	35	-5.09	-4.63	341	166551	0.0	-4.63	21044.93	11.94	3.0	31.803
3.556	1	92.2	140759740	0.429	4.0	0.0	93500	96000	10	0.855	1.0	-4.63	35	-5.09	-4.63	341	166551	0.0	-4.63	21044.93	11.94	3.0	33.115
4.7219999999999995	1	92.2	140759740	0.429	4.0	0.0	93500	96000	10	0.855	1.0	-4.63	35	-5.09	-4.63	341	166551	0.0	-4.63	21044.93	11.94	3.0	38.689
5.888999999999999	1	92.2	140759740	0.429	4.0	0.0	93500	96000	10	0.855	1.0	-4.63	35	-5.09	-4.63	341	166551	0.0	-4.63	21044.93	11.94	3.0	39.672
7.056	1	92.2	140759740	0.429	4.0	0.0	93500	96000	10	0.855	1.0	-4.63	35	-5.09	-4.63	341	166551	0.0	-4.63	21044.93	11.94	3.0	42.295
8.25	1	92.2	140759740	0.429	4.0	0.0	93500	96000	10	0.855	1.0	-4.63	35	-5.09	-4.63	341	166551	0.0	-4.63	21044.93	11.94	3.0	43.607
9.417	1	92.2	140759740	0.429	4.0	0.0	93500	96000	10	0.855	1.0	-4.63	35	-5.09	-4.63	341	166551	0.0	-4.63	21044.93	11.94	3.0	43.934
0.0	3	88.0	140759740	0.336	4.0	0.0	0	61500	10	0.675	6.25	0.0	35	0.0	0.0	341	0	0.0	0.0	21044.93	0.0	3.0	0.0
1.194	3	88.0	140759740	0.336	4.0	0.0	0	61500	10	0.675	6.25	0.0	35	0.0	0.0	341	0	0.0	0.0	21044.93	0.0	3.0	21.639
2.3890000000000002	3	88.0	140759740	0.336	4.0	0.0	0	61500	10	0.675	6.25	0.0	35	0.0	0.0	341	0	0.0	0.0	21044.93	0.0	3.0	25.901999999999997
3.528	3	88.0	140759740	0.336	4.0	0.0	0	61500	10	0.675	6.25	0.0	35	0.0	0.0	341	0	0.0	0.0	21044.93	0.0	3.0	29.18
4.7219999999999995	3	88.0	140759740	0.336	4.0	0.0	0	61500	10	0.675	6.25	0.0	35	0.0	0.0	341	0	0.0	0.0	21044.93	0.0	3.0	35.082
5.917000000000001	3	88.0	140759740	0.336	4.0	0.0	0	61500	10	0.675	6.25	0.0	35	0.0	0.0	341	0	0.0	0.0	21044.93	0.0	3.0	41.638999999999996
7.082999999999999	3	88.0	140759740	0.336	4.0	0.0	0	61500	10	0.675	6.25	0.0	35	0.0	0.0	341	0	0.0	0.0	21044.93	0.0	3.0	49.18
8.25	3	88.0	140759740	0.336	4.0	0.0	0	61500	10	0.675	6.25	0.0	35	0.0	0.0	341	0	0.0	0.0	21044.93	0.0	3.0	50.163999999999994
9.443999999999999	3	88.0	140759740	0.336	4.0	0.0	0	61500	10	0.675	6.25	0.0	35	0.0	0.0	341	0	0.0	0.0	21044.93	0.0	3.0	51.475
0.87	2	26.0	384968407	4.3	8.75	0.0	18000	60000	12	0.675	2.25	-4.63	18	-5.09	-4.63	187	166551	0.0	-4.63	1146624.065	11.94	2.0	29.308000000000003
2.029	2	26.0	384968407	4.3	8.75	0.0	18000	60000	12	0.675	2.25	-4.63	18	-5.09	-4.63	187	166551	0.0	-4.63	1146624.065	11.94	2.0	32.422
3.9130000000000003	2	26.0	384968407	4.3	8.75	0.0	18000	60000	12	0.675	2.25	-4.63	18	-5.09	-4.63	187	166551	0.0	-4.63	1146624.065	11.94	2.0	33.045
5.942	2	26.0	384968407	4.3	8.75	0.0	18000	60000	12	0.675	2.25	-4.63	18	-5.09	-4.63	187	166551	0.0	-4.63	1146624.065	11.94	2.0	33.668
7.971	2	26.0	384968407	4.3	8.75	0.0	18000	60000	12	0.675	2.25	-4.63	18	-5.09	-4.63	187	166551	0.0	-4.63	1146624.065	11.94	2.0	37.093
9.855	2	26.0	384968407	4.3	8.75	0.0	18000	60000	12	0.675	2.25	-4.63	18	-5.09	-4.63	187	166551	0.0	-4.63	1146624.065	11.94	2.0	37.093
12.029000000000002	2	26.0	384968407	4.3	8.75	0.0	18000	60000	12	0.675	2.25	-4.63	18	-5.09	-4.63	187	166551	0.0	-4.63	1146624.065	11.94	2.0	37.405
13.913	2	26.0	384968407	4.3	8.75	0.0	18000	60000	12	0.675	2.25	-4.63	18	-5.09	-4.63	187	166551	0.0	-4.63	1146624.065	11.94	2.0	37.716
15.942	2	26.0	384968407	4.3	8.75	0.0	18000	60000	12	0.675	2.25	-4.63	18	-5.09	-4.63	187	166551	0.0	-4.63	1146624.065	11.94	2.0	39.896
17.971	2	26.0	384968407	4.3	8.75	0.0	18000	60000	12	0.675	2.25	-4.63	18	-5.09	-4.63	187	166551	0.0	-4.63	1146624.065	11.94	2.0	40.83
19.855	2	26.0	384968407	4.3	8.75	0.0	18000	60000	12	0.675	2.25	-4.63	18	-5.09	-4.63	187	166551	0.0	-4.63	1146624.065	11.94	2.0	43.945
21.884	2	26.0	384968407	4.3	8.75	0.0	18000	60000	12	0.675	2.25	-4.63	18	-5.09	-4.63	187	166551	0.0	-4.63	1146624.065	11.94	2.0	49.55
23.913	2	26.0	384968407	4.3	8.75	0.0	18000	60000	12	0.675	2.25	-4.63	18	-5.09	-4.63	187	166551	0.0	-4.63	1146624.065	11.94	2.0	53.91
25.796999999999997	2	26.0	384968407	4.3	8.75	0.0	18000	60000	12	0.675	2.25	-4.63	18	-5.09	-4.63	187	166551	0.0	-4.63	1146624.065	11.94	2.0	59.516000000000005
27.971	2	26.0	384968407	4.3	8.75	0.0	18000	60000	12	0.675	2.25	-4.63	18	-5.09	-4.63	187	166551	0.0	-4.63	1146624.065	11.94	2.0	62.318000000000005
29.855	2	26.0	384968407	4.3	8.75	0.0	18000	60000	12	0.675	2.25	-4.63	18	-5.09	-4.63	187	166551	0.0	-4.63	1146624.065	11.94	2.0	65.12100000000001
31.884	2	26.0	384968407	4.3	8.75	0.0	18000	60000	12	0.675	2.25	-4.63	18	-5.09	-4.63	187	166551	0.0	-4.63	1146624.065	11.94	2.0	71.038
34.058	2	26.0	384968407	4.3	8.75	0.0	18000	60000	12	0.675	2.25	-4.63	18	-5.09	-4.63	187	166551	0.0	-4.63	1146624.065	11.94	2.0	71.661
35.942	2	26.0	384968407	4.3	8.75	0.0	18000	60000	12	0.675	2.25	-4.63	18	-5.09	-4.63	187	166551	0.0	-4.63	1146624.065	11.94	2.0	71.34899999999999
37.826	2	26.0	384968407	4.3	8.75	0.0	18000	60000	12	0.675	2.25	-4.63	18	-5.09	-4.63	187	166551	0.0	-4.63	1146624.065	11.94	2.0	71.661
40.0	2	26.0	384968407	4.3	8.75	0.0	18000	60000	12	0.675	2.25	-4.63	18	-5.09	-4.63	187	166551	0.0	-4.63	1146624.065	11.94	2.0	72.28399999999999
42.028999999999996	2	26.0	384968407	4.3	8.75	0.0	18000	60000	12	0.675	2.25	-4.63	18	-5.09	-4.63	187	166551	0.0	-4.63	1146624.065	11.94	2.0	73.529
43.913000000000004	2	26.0	384968407	4.3	8.75	0.0	18000	60000	12	0.675	2.25	-4.63	18	-5.09	-4.63	187	166551	0.0	-4.63	1146624.065	11.94	2.0	74.152
46.957	2	26.0	384968407	4.3	8.75	0.0	18000	60000	12	0.675	2.25	-4.63	18	-5.09	-4.63	187	166551	0.0	-4.63	1146624.065	11.94	2.0	77.578
48.986000000000004	2	26.0	384968407	4.3	8.75	0.0	18000	60000	12	0.675	2.25	-4.63	18	-5.09	-4.63	187	166551	0.0	-4.63	1146624.065	11.94	2.0	78.512
51.013999999999996	2	26.0	384968407	4.3	8.75	0.0	18000	60000	12	0.675	2.25	-4.63	18	-5.09	-4.63	187	166551	0.0	-4.63	1146624.065	11.94	2.0	79.135
53.768	2	26.0	384968407	4.3	8.75	0.0	18000	60000	12	0.675	2.25	-4.63	18	-5.09	-4.63	187	166551	0.0	-4.63	1146624.065	11.94	2.0	79.446
55.797	2	26.0	384968407	4.3	8.75	0.0	18000	60000	12	0.675	2.25	-4.63	18	-5.09	-4.63	187	166551	0.0	-4.63	1146624.065	11.94	2.0	79.446
57.826	2	26.0	384968407	4.3	8.75	0.0	18000	60000	12	0.675	2.25	-4.63	18	-5.09	-4.63	187	166551	0.0	-4.63	1146624.065	11.94	2.0	79.446
1.014	2	91.0	384968407	4.6	8.75	0.0	18000	60000	12	0.675	2.25	1.11	18	1.11	1.11	187	50253	0.0	1.11	1146624.065	9.85	2.0	36.159
1.8840000000000001	2	91.0	384968407	4.6	8.75	0.0	18000	60000	12	0.675	2.25	1.11	18	1.11	1.11	187	50253	0.0	1.11	1146624.065	9.85	2.0	49.55
3.9130000000000003	2	91.0	384968407	4.6	8.75	0.0	18000	60000	12	0.675	2.25	1.11	18	1.11	1.11	187	50253	0.0	1.11	1146624.065	9.85	2.0	53.599
5.797000000000001	2	91.0	384968407	4.6	8.75	0.0	18000	60000	12	0.675	2.25	1.11	18	1.11	1.11	187	50253	0.0	1.11	1146624.065	9.85	2.0	55.467
7.971	2	91.0	384968407	4.6	8.75	0.0	18000	60000	12	0.675	2.25	1.11	18	1.11	1.11	187	50253	0.0	1.11	1146624.065	9.85	2.0	56.401
10.0	2	91.0	384968407	4.6	8.75	0.0	18000	60000	12	0.675	2.25	1.11	18	1.11	1.11	187	50253	0.0	1.11	1146624.065	9.85	2.0	57.023999999999994
11.884	2	91.0	384968407	4.6	8.75	0.0	18000	60000	12	0.675	2.25	1.11	18	1.11	1.11	187	50253	0.0	1.11	1146624.065	9.85	2.0	60.45
14.058	2	91.0	384968407	4.6	8.75	0.0	18000	60000	12	0.675	2.25	1.11	18	1.11	1.11	187	50253	0.0	1.11	1146624.065	9.85	2.0	65.12100000000001
15.942	2	91.0	384968407	4.6	8.75	0.0	18000	60000	12	0.675	2.25	1.11	18	1.11	1.11	187	50253	0.0	1.11	1146624.065	9.85	2.0	69.17
17.826	2	91.0	384968407	4.6	8.75	0.0	18000	60000	12	0.675	2.25	1.11	18	1.11	1.11	187	50253	0.0	1.11	1146624.065	9.85	2.0	72.28399999999999
20.0	2	91.0	384968407	4.6	8.75	0.0	18000	60000	12	0.675	2.25	1.11	18	1.11	1.11	187	50253	0.0	1.11	1146624.065	9.85	2.0	76.64399999999999
21.884	2	91.0	384968407	4.6	8.75	0.0	18000	60000	12	0.675	2.25	1.11	18	1.11	1.11	187	50253	0.0	1.11	1146624.065	9.85	2.0	79.758
23.913	2	91.0	384968407	4.6	8.75	0.0	18000	60000	12	0.675	2.25	1.11	18	1.11	1.11	187	50253	0.0	1.11	1146624.065	9.85	2.0	81.93799999999999
25.796999999999997	2	91.0	384968407	4.6	8.75	0.0	18000	60000	12	0.675	2.25	1.11	18	1.11	1.11	187	50253	0.0	1.11	1146624.065	9.85	2.0	83.806
28.116	2	91.0	384968407	4.6	8.75	0.0	18000	60000	12	0.675	2.25	1.11	18	1.11	1.11	187	50253	0.0	1.11	1146624.065	9.85	2.0	85.052
30.0	2	91.0	384968407	4.6	8.75	0.0	18000	60000	12	0.675	2.25	1.11	18	1.11	1.11	187	50253	0.0	1.11	1146624.065	9.85	2.0	86.92
31.884	2	91.0	384968407	4.6	8.75	0.0	18000	60000	12	0.675	2.25	1.11	18	1.11	1.11	187	50253	0.0	1.11	1146624.065	9.85	2.0	90.035
33.913000000000004	2	91.0	384968407	4.6	8.75	0.0	18000	60000	12	0.675	2.25	1.11	18	1.11	1.11	187	50253	0.0	1.11	1146624.065	9.85	2.0	90.346
35.942	2	91.0	384968407	4.6	8.75	0.0	18000	60000	12	0.675	2.25	1.11	18	1.11	1.11	187	50253	0.0	1.11	1146624.065	9.85	2.0	91.28
37.971	2	91.0	384968407	4.6	8.75	0.0	18000	60000	12	0.675	2.25	1.11	18	1.11	1.11	187	50253	0.0	1.11	1146624.065	9.85	2.0	91.28
40.0	2	91.0	384968407	4.6	8.75	0.0	18000	60000	12	0.675	2.25	1.11	18	1.11	1.11	187	50253	0.0	1.11	1146624.065	9.85	2.0	92.215
42.028999999999996	2	91.0	384968407	4.6	8.75	0.0	18000	60000	12	0.675	2.25	1.11	18	1.11	1.11	187	50253	0.0	1.11	1146624.065	9.85	2.0	92.52600000000001
44.058	2	91.0	384968407	4.6	8.75	0.0	18000	60000	12	0.675	2.25	1.11	18	1.11	1.11	187	50253	0.0	1.11	1146624.065	9.85	2.0	92.52600000000001
46.812	2	91.0	384968407	4.6	8.75	0.0	18000	60000	12	0.675	2.25	1.11	18	1.11	1.11	187	50253	0.0	1.11	1146624.065	9.85	2.0	93.149
48.841	2	91.0	384968407	4.6	8.75	0.0	18000	60000	12	0.675	2.25	1.11	18	1.11	1.11	187	50253	0.0	1.11	1146624.065	9.85	2.0	93.772
50.87	2	91.0	384968407	4.6	8.75	0.0	18000	60000	12	0.675	2.25	1.11	18	1.11	1.11	187	50253	0.0	1.11	1146624.065	9.85	2.0	94.39399999999999
54.058	2	91.0	384968407	4.6	8.75	0.0	18000	60000	12	0.675	2.25	1.11	18	1.11	1.11	187	50253	0.0	1.11	1146624.065	9.85	2.0	94.706
55.797	2	91.0	384968407	4.6	8.75	0.0	18000	60000	12	0.675	2.25	1.11	18	1.11	1.11	187	50253	0.0	1.11	1146624.065	9.85	2.0	94.706
57.971000000000004	2	91.0	384968407	4.6	8.75	0.0	18000	60000	12	0.675	2.25	1.11	18	1.11	1.11	187	50253	0.0	1.11	1146624.065	9.85	2.0	94.706
1.014	2	54.0	384968407	7.3	8.75	0.0	18000	60000	12	0.675	0.0	0.0	18	0.0	0.0	187	0	0.0	0.0	1146624.065	0.0	2.0	53.91
1.8840000000000001	2	54.0	384968407	7.3	8.75	0.0	18000	60000	12	0.675	0.0	0.0	18	0.0	0.0	187	0	0.0	0.0	1146624.065	0.0	2.0	58.27
4.058	2	54.0	384968407	7.3	8.75	0.0	18000	60000	12	0.675	0.0	0.0	18	0.0	0.0	187	0	0.0	0.0	1146624.065	0.0	2.0	63.875
6.087000000000001	2	54.0	384968407	7.3	8.75	0.0	18000	60000	12	0.675	0.0	0.0	18	0.0	0.0	187	0	0.0	0.0	1146624.065	0.0	2.0	66.367
7.971	2	54.0	384968407	7.3	8.75	0.0	18000	60000	12	0.675	0.0	0.0	18	0.0	0.0	187	0	0.0	0.0	1146624.065	0.0	2.0	68.235
10.0	2	54.0	384968407	7.3	8.75	0.0	18000	60000	12	0.675	0.0	0.0	18	0.0	0.0	187	0	0.0	0.0	1146624.065	0.0	2.0	69.48100000000001
12.029000000000002	2	54.0	384968407	7.3	8.75	0.0	18000	60000	12	0.675	0.0	0.0	18	0.0	0.0	187	0	0.0	0.0	1146624.065	0.0	2.0	70.415
14.058	2	54.0	384968407	7.3	8.75	0.0	18000	60000	12	0.675	0.0	0.0	18	0.0	0.0	187	0	0.0	0.0	1146624.065	0.0	2.0	71.34899999999999
15.942	2	54.0	384968407	7.3	8.75	0.0	18000	60000	12	0.675	0.0	0.0	18	0.0	0.0	187	0	0.0	0.0	1146624.065	0.0	2.0	72.595
17.971	2	54.0	384968407	7.3	8.75	0.0	18000	60000	12	0.675	0.0	0.0	18	0.0	0.0	187	0	0.0	0.0	1146624.065	0.0	2.0	73.529
20.145	2	54.0	384968407	7.3	8.75	0.0	18000	60000	12	0.675	0.0	0.0	18	0.0	0.0	187	0	0.0	0.0	1146624.065	0.0	2.0	74.464
21.884	2	54.0	384968407	7.3	8.75	0.0	18000	60000	12	0.675	0.0	0.0	18	0.0	0.0	187	0	0.0	0.0	1146624.065	0.0	2.0	76.021
23.768	2	54.0	384968407	7.3	8.75	0.0	18000	60000	12	0.675	0.0	0.0	18	0.0	0.0	187	0	0.0	0.0	1146624.065	0.0	2.0	77.578
25.941999999999997	2	54.0	384968407	7.3	8.75	0.0	18000	60000	12	0.675	0.0	0.0	18	0.0	0.0	187	0	0.0	0.0	1146624.065	0.0	2.0	78.20100000000001
27.971	2	54.0	384968407	7.3	8.75	0.0	18000	60000	12	0.675	0.0	0.0	18	0.0	0.0	187	0	0.0	0.0	1146624.065	0.0	2.0	79.135
29.855	2	54.0	384968407	7.3	8.75	0.0	18000	60000	12	0.675	0.0	0.0	18	0.0	0.0	187	0	0.0	0.0	1146624.065	0.0	2.0	80.069
31.739	2	54.0	384968407	7.3	8.75	0.0	18000	60000	12	0.675	0.0	0.0	18	0.0	0.0	187	0	0.0	0.0	1146624.065	0.0	2.0	81.003
34.058	2	54.0	384968407	7.3	8.75	0.0	18000	60000	12	0.675	0.0	0.0	18	0.0	0.0	187	0	0.0	0.0	1146624.065	0.0	2.0	81.315
35.942	2	54.0	384968407	7.3	8.75	0.0	18000	60000	12	0.675	0.0	0.0	18	0.0	0.0	187	0	0.0	0.0	1146624.065	0.0	2.0	81.315
37.826	2	54.0	384968407	7.3	8.75	0.0	18000	60000	12	0.675	0.0	0.0	18	0.0	0.0	187	0	0.0	0.0	1146624.065	0.0	2.0	81.93799999999999
39.855	2	54.0	384968407	7.3	8.75	0.0	18000	60000	12	0.675	0.0	0.0	18	0.0	0.0	187	0	0.0	0.0	1146624.065	0.0	2.0	81.93799999999999
41.88399999999999	2	54.0	384968407	7.3	8.75	0.0	18000	60000	12	0.675	0.0	0.0	18	0.0	0.0	187	0	0.0	0.0	1146624.065	0.0	2.0	82.249
43.913000000000004	2	54.0	384968407	7.3	8.75	0.0	18000	60000	12	0.675	0.0	0.0	18	0.0	0.0	187	0	0.0	0.0	1146624.065	0.0	2.0	82.561
46.957	2	54.0	384968407	7.3	8.75	0.0	18000	60000	12	0.675	0.0	0.0	18	0.0	0.0	187	0	0.0	0.0	1146624.065	0.0	2.0	82.87200000000001
48.986000000000004	2	54.0	384968407	7.3	8.75	0.0	18000	60000	12	0.675	0.0	0.0	18	0.0	0.0	187	0	0.0	0.0	1146624.065	0.0	2.0	82.87200000000001
50.87	2	54.0	384968407	7.3	8.75	0.0	18000	60000	12	0.675	0.0	0.0	18	0.0	0.0	187	0	0.0	0.0	1146624.065	0.0	2.0	83.18299999999999
53.768	2	54.0	384968407	7.3	8.75	0.0	18000	60000	12	0.675	0.0	0.0	18	0.0	0.0	187	0	0.0	0.0	1146624.065	0.0	2.0	83.18299999999999
55.942	2	54.0	384968407	7.3	8.75	0.0	18000	60000	12	0.675	0.0	0.0	18	0.0	0.0	187	0	0.0	0.0	1146624.065	0.0	2.0	82.87200000000001
57.971000000000004	2	54.0	384968407	7.3	8.75	0.0	18000	60000	12	0.675	0.0	0.0	18	0.0	0.0	187	0	0.0	0.0	1146624.065	0.0	2.0	83.18299999999999
