Time_Days	Prod_method	Encaps_rate	PLGA_conc	Hyper_wiener_index	Mean_part_size	diss_add_conc	Q_perc
0.87	2	26.0	18.0	384968407	4.3	0.0	29.308
2.029	2	26.0	18.0	384968407	4.3	0.0	32.422
3.913	2	26.0	18.0	384968407	4.3	0.0	33.045
5.942	2	26.0	18.0	384968407	4.3	0.0	33.668
7.971	2	26.0	18.0	384968407	4.3	0.0	37.093
9.855	2	26.0	18.0	384968407	4.3	0.0	37.093
12.029	2	26.0	18.0	384968407	4.3	0.0	37.405
13.913	2	26.0	18.0	384968407	4.3	0.0	37.716
15.942	2	26.0	18.0	384968407	4.3	0.0	39.896
17.971	2	26.0	18.0	384968407	4.3	0.0	40.83
19.855	2	26.0	18.0	384968407	4.3	0.0	43.945
21.884	2	26.0	18.0	384968407	4.3	0.0	49.55
23.913	2	26.0	18.0	384968407	4.3	0.0	53.91
25.797	2	26.0	18.0	384968407	4.3	0.0	59.516
27.971	2	26.0	18.0	384968407	4.3	0.0	62.318
29.855	2	26.0	18.0	384968407	4.3	0.0	65.121
31.884	2	26.0	18.0	384968407	4.3	0.0	71.038
34.058	2	26.0	18.0	384968407	4.3	0.0	71.661
35.942	2	26.0	18.0	384968407	4.3	0.0	71.349
37.826	2	26.0	18.0	384968407	4.3	0.0	71.661
40.0	2	26.0	18.0	384968407	4.3	0.0	72.284
42.029	2	26.0	18.0	384968407	4.3	0.0	73.529
43.913	2	26.0	18.0	384968407	4.3	0.0	74.152
46.957	2	26.0	18.0	384968407	4.3	0.0	77.578
48.986	2	26.0	18.0	384968407	4.3	0.0	78.512
51.014	2	26.0	18.0	384968407	4.3	0.0	79.135
53.768	2	26.0	18.0	384968407	4.3	0.0	79.446
55.797	2	26.0	18.0	384968407	4.3	0.0	79.446
57.826	2	26.0	18.0	384968407	4.3	0.0	79.446
1.085	1	59.06	20.0	-429981997	45.0	0.0	24.56
7.979	1	59.06	20.0	-429981997	45.0	0.0	28.916
14.956	1	59.06	20.0	-429981997	45.0	0.0	30.337
21.931	1	59.06	20.0	-429981997	45.0	0.0	31.308
29.014	1	59.06	20.0	-429981997	45.0	0.0	37.238
0.0	4	29.0	0.602	-550519458	2.2	0.0	0.0
1.026	4	29.0	0.602	-550519458	2.2	0.0	29.412
1.93	4	29.0	0.602	-550519458	2.2	0.0	36.029
4.029	4	29.0	0.602	-550519458	2.2	0.0	42.279
5.926	4	29.0	0.602	-550519458	2.2	0.0	45.588
7.922	4	29.0	0.602	-550519458	2.2	0.0	48.897
10.021	4	29.0	0.602	-550519458	2.2	0.0	54.044
12.017	4	29.0	0.602	-550519458	2.2	0.0	57.353
14.117	4	29.0	0.602	-550519458	2.2	0.0	64.338
16.015	4	29.0	0.602	-550519458	2.2	0.0	68.382
20.012	4	29.0	0.602	-550519458	2.2	0.0	78.309
26.196	4	29.0	0.602	-550519458	2.2	0.0	83.088
29.989	4	29.0	0.602	-550519458	2.2	0.0	88.603
0.0	4	71.0	12.14	-429981997	70.78	0.0	0.0
1.233	4	71.0	12.14	-429981997	70.78	0.0	77.273
7.196	4	71.0	12.14	-429981997	70.78	0.0	88.017
14.185	4	71.0	12.14	-429981997	70.78	0.0	96.281
28.119	4	71.0	12.14	-429981997	70.78	0.0	95.868
46.164	4	71.0	12.14	-429981997	70.78	0.0	88.017
54.157	4	71.0	12.14	-429981997	70.78	0.0	85.537
63.198	4	71.0	12.14	-429981997	70.78	0.0	88.843
84.324	4	71.0	12.14	-429981997	70.78	0.0	75.207
0.0	4	74.0	12.14	-429981997	102.29	0.0	0.0
1.1	4	74.0	12.14	-429981997	102.29	0.0	26.236
7.113	4	74.0	12.14	-429981997	102.29	0.0	56.185
14.35	4	74.0	12.14	-429981997	102.29	0.0	60.731
28.053	4	74.0	12.14	-429981997	102.29	0.0	70.637
46.107	4	74.0	12.14	-429981997	102.29	0.0	66.631
54.37	4	74.0	12.14	-429981997	102.29	0.0	68.313
63.425	4	74.0	12.14	-429981997	102.29	0.0	77.375
84.321	4	74.0	12.14	-429981997	102.29	0.0	74.204
0.0	1	51.5	10.0	-239907213	0.74	0.0	0.0
4.89	1	51.5	10.0	-239907213	0.74	0.0	2.972
9.779	1	51.5	10.0	-239907213	0.74	0.0	4.437
14.809	1	51.5	10.0	-239907213	0.74	0.0	11.424
19.988	1	51.5	10.0	-239907213	0.74	0.0	29.456
25.023	1	51.5	10.0	-239907213	0.74	0.0	39.958
30.062	1	51.5	10.0	-239907213	0.74	0.0	54.979
34.836	1	51.5	10.0	-239907213	0.74	0.0	75.022
40.006	1	51.5	10.0	-239907213	0.74	0.0	85.021
45.039	1	51.5	10.0	-239907213	0.74	0.0	94.519
